// New Tristram
WorldSNO = 71150
StartPos 3143.750000 2828.750000 59.075588

scenes {


// The first scene the player starts on. Uncomment this and comment everything else for quick-load testing
scene {
	Unified 33349 0 0 0 19947 156038 -1 -1 -1 0 -1 -1 0 -1 -1 -1 160591 -1 78368 -1 -1 -1 0 -1 0 0 0 0.0 0.0 0.0 0.0 0.0 0.0 0.0 0.0 0.0 0.0 0.0 0.0 0 0 0 0 0 0.0 0.0 0.0 1.0 3060.0 2760.0 0.0 -1
}

/*
scene {
	Unified 33347 0 0 0 202446 -1 19947 -1 -1 0 -1 -1 0 -1 137975 -1 160591 -1 78368 -1 -1 -1 0 -1 0 0 0 0.0 0.0 0.0 0.0 0.0 0.0 0.0 0.0 0.0 0.0 0.0 0.0 0 0 0 0 0 0.0 0.0 0.0 1.0 2580.0 2760.0 0.0 -1
}
scene {
	Unified 33348 0 0 0 19947 156038 202446 -1 -1 0 -1 -1 0 -1 -1 -1 160591 -1 78368 -1 -1 -1 0 -1 0 0 0 0.0 0.0 0.0 0.0 0.0 0.0 0.0 0.0 0.0 0.0 0.0 0.0 0 0 0 0 0 0.0 0.0 0.0 1.0 2820.0 2760.0 0.0 -1
}
scene {
	Unified 33349 0 0 0 19947 156038 -1 -1 -1 0 -1 -1 0 -1 -1 -1 160591 -1 78368 -1 -1 -1 0 -1 0 0 0 0.0 0.0 0.0 0.0 0.0 0.0 0.0 0.0 0.0 0.0 0.0 0.0 0 0 0 0 0 0.0 0.0 0.0 1.0 3060.0 2760.0 0.0 -1
}
scene {
	Unified 33355 0 0 0 19947 -1 -1 -1 -1 0 -1 -1 0 -1 -1 -1 -1 -1 78368 -1 -1 -1 0 -1 0 0 0 0.0 0.0 0.0 0.0 0.0 0.0 0.0 0.0 0.0 0.0 0.0 0.0 0 0 0 0 0 0.0 0.0 0.0 1.0 2580.0 3000.0 0.0 -1
}
scene {
	Unified 33356 0 0 0 19947 156038 -1 -1 -1 0 -1 -1 0 -1 -1 -1 -1 -1 78368 -1 -1 -1 0 -1 0 0 0 0.0 0.0 0.0 0.0 0.0 0.0 0.0 0.0 0.0 0.0 0.0 0.0 0 0 0 0 0 0.0 0.0 0.0 1.0 2820.0 3000.0 0.0 -1
}
scene {
	Unified 56593 0 0 0 19952 19952 -1 -1 -1 0 -1 -1 0 -1 141670 -1 161928 -1 63337 -1 -1 -1 0 -1 0 0 0 0.0 0.0 0.0 0.0 0.0 0.0 0.0 0.0 0.0 0.0 0.0 0.0 0 0 0 0 0 0.0 0.0 0.0 1.0 1920.0 1440.0 0.0 -1
}
scene {
	Unified 51263 0 0 0 19952 -1 -1 -1 -1 0 -1 -1 0 -1 141670 -1 161928 -1 50551 -1 -1 -1 0 -1 0 0 0 0.0 0.0 0.0 0.0 0.0 0.0 0.0 0.0 0.0 0.0 0.0 0.0 0 0 0 0 0 0.0 0.0 0.0 1.0 1680.0 720.0 0.0 -1
}
scene {
	Unified 2847 0 0 0 19952 -1 -1 -1 -1 0 -1 -1 0 -1 141670 -1 161928 -1 50551 -1 -1 -1 0 -1 0 0 0 0.0 0.0 0.0 0.0 0.0 0.0 0.0 0.0 0.0 0.0 0.0 0.0 0 0 0 0 0 0.0 0.0 0.0 1.0 1680.0 960.0 0.0 -1
}
scene {
	Unified 58969 0 0 0 19953 61573 -1 -1 -1 0 -1 -1 0 -1 141670 -1 -1 -1 50551 -1 -1 -1 0 -1 0 0 0 0.0 0.0 0.0 0.0 0.0 0.0 0.0 0.0 0.0 0.0 0.0 0.0 0 0 0 0 0 0.0 0.0 0.0 1.0 960.0 480.0 0.0 -1
}
scene {
	Unified 58974 0 0 0 19953 61573 -1 -1 -1 0 -1 -1 0 -1 141670 -1 7114 -1 50551 -1 -1 -1 0 -1 0 0 0 0.0 0.0 0.0 0.0 0.0 0.0 0.0 0.0 0.0 0.0 0.0 0.0 0 0 0 0 0 0.0 0.0 0.0 1.0 960.0 720.0 0.0 -1
}
scene {
	Unified 60702 0 0 0 19952 61573 -1 -1 -1 0 -1 -1 0 -1 141670 -1 161928 -1 50551 -1 -1 -1 0 -1 0 0 0 0.0 0.0 0.0 0.0 0.0 0.0 0.0 0.0 0.0 0.0 0.0 0.0 0 0 0 0 0 0.0 0.0 0.0 1.0 1200.0 720.0 0.0 -1
}
scene {
	Unified 60695 0 0 0 61573 61573 -1 -1 -1 0 -1 -1 0 -1 141670 -1 -1 -1 50551 -1 -1 -1 0 -1 0 0 0 0.0 0.0 0.0 0.0 0.0 0.0 0.0 0.0 0.0 0.0 0.0 0.0 0 0 0 0 0 0.0 0.0 0.0 1.0 1200.0 480.0 0.0 -1
}
scene {
	Unified 1911 0 0 0 19952 -1 -1 -1 -1 0 -1 -1 0 -1 141670 -1 161928 -1 50551 -1 -1 -1 0 -1 0 0 0 0.0 0.0 0.0 0.0 0.0 0.0 0.0 0.0 0.0 0.0 0.0 0.0 0 0 0 0 0 0.0 0.0 0.0 1.0 1440.0 0.0 0.0 -1
}
scene {
	Unified 33482 0 0 0 19952 -1 -1 -1 -1 0 -1 -1 0 -1 141670 -1 161928 -1 50551 -1 -1 -1 0 -1 0 0 0 0.0 0.0 0.0 0.0 0.0 0.0 0.0 0.0 0.0 0.0 0.0 0.0 0 0 0 0 0 0.0 0.0 0.0 1.0 1680.0 0.0 -0.000122 -1
}
scene {
	Unified 59060 0 0 0 19952 179835 -1 -1 -1 0 -1 -1 0 -1 141670 -1 161928 -1 50551 -1 -1 -1 0 1 0 0 0 0.0 0.0 0.0 0.0 0.0 0.0 0.0 0.0 0.0 0.0 0.0 0.0 0 0 0 0 0 0.0 0.0 0.0 1.0 1680.0 240.0 0.0 -1
	subs {
		Unified 56832 0 0 0 19952 179835 -1 -1 -1 0 -1 -1 0 -1 141670 -1 161928 -1 50551 -1 -1 -1 0 1 0 0 0 0.0 0.0 0.0 0.0 0.0 0.0 0.0 0.0 0.0 0.0 0.0 0.0 0 0 0 0 0 0.0 0.0 0.0 1.0 1700.0 320.0 0.0 -1
	}
}
scene {
	Unified 33481 0 0 0 19952 -1 -1 -1 -1 0 -1 -1 0 -1 141670 -1 161928 -1 50551 -1 -1 -1 0 -1 0 0 0 0.0 0.0 0.0 0.0 0.0 0.0 0.0 0.0 0.0 0.0 0.0 0.0 0 0 0 0 0 0.0 0.0 0.0 1.0 2400.0 720.0 0.0 -1
}
scene {
	Unified 33479 0 0 0 19952 -1 -1 -1 -1 0 -1 -1 0 -1 141670 -1 161928 -1 50551 -1 -1 -1 0 -1 0 0 0 0.0 0.0 0.0 0.0 0.0 0.0 0.0 0.0 0.0 0.0 0.0 0.0 0 0 0 0 0 0.0 0.0 0.0 1.0 1920.0 0.0 0.0 -1
}
scene {
	Unified 33479 0 0 0 19952 -1 -1 -1 -1 0 -1 -1 0 -1 141670 -1 161928 -1 50551 -1 -1 -1 0 -1 0 0 0 0.0 0.0 0.0 0.0 0.0 0.0 0.0 0.0 0.0 0.0 0.0 0.0 0 0 0 0 0 0.0 0.0 0.0 1.0 2400.0 480.0 0.0 -1
}
scene {
	Unified 33480 0 0 0 19952 -1 -1 -1 -1 0 -1 -1 0 -1 141670 -1 161928 -1 50551 -1 -1 -1 0 -1 0 0 0 0.0 0.0 0.0 0.0 0.0 0.0 0.0 0.0 0.0 0.0 0.0 0.0 0 0 0 0 0 0.0 0.0 0.0 1.0 2160.0 480.0 0.000122 -1
}
scene {
	Unified 33478 0 0 0 19952 179835 -1 -1 -1 0 -1 -1 0 -1 141670 -1 161928 -1 50551 -1 -1 -1 0 1 0 0 0 0.0 0.0 0.0 0.0 0.0 0.0 0.0 0.0 0.0 0.0 0.0 0.0 0 0 0 0 0 0.0 0.0 0.0 1.0 2160.0 960.0 0.0 -1
	subs {
		Unified 33454 0 0 0 19952 179835 -1 -1 -1 0 -1 -1 0 -1 141670 -1 161928 -1 50551 -1 -1 -1 0 1 0 0 0 0.0 0.0 0.0 0.0 0.0 0.0 0.0 0.0 0.0 0.0 0.0 0.0 0 0 0 0 0 0.0 0.0 0.0 1.0 2190.0 1020.0 0.0 -1
	}
}
scene {
	Unified 33477 0 0 0 19952 -1 -1 -1 -1 0 -1 -1 0 -1 141670 -1 161928 -1 50551 -1 -1 -1 0 -1 0 0 0 0.0 0.0 0.0 0.0 0.0 0.0 0.0 0.0 0.0 0.0 0.0 0.0 0 0 0 0 0 0.0 0.0 0.0 1.0 2400.0 960.0 0.0 -1
}
scene {
	Unified 59105 0 0 0 19952 134002 179566 179567 -1 0 -1 -1 0 -1 141670 -1 161928 -1 50551 -1 -1 -1 0 0 0 0 0 0.0 0.0 0.0 0.0 0.0 0.0 0.0 0.0 0.0 0.0 0.0 0.0 0 0 0 0 0 0.0 0.0 0.0 1.0 2160.0 720.0 0.0 -1
	subs {
		Unified 33388 0 0 0 19952 134002 179566 179567 -1 0 -1 -1 0 -1 141670 -1 161928 -1 50551 -1 -1 -1 0 0 0 0 0 0.0 0.0 0.0 0.0 0.0 0.0 0.0 0.0 0.0 0.0 0.0 0.0 0 0 0 0 0 0.0 0.0 0.0 1.0 2160.0 720.0 0.0 -1
	}
}
scene {
	Unified 59105 0 0 0 19952 134002 179566 179567 -1 0 -1 -1 0 -1 141670 -1 161928 -1 50551 -1 -1 -1 0 0 0 0 0 0.0 0.0 0.0 0.0 0.0 0.0 0.0 0.0 0.0 0.0 0.0 0.0 0 0 0 0 0 0.0 0.0 0.0 1.0 1680.0 480.0 0.0 -1
	subs {
		Unified 33389 0 0 0 19952 134002 179566 179567 -1 0 -1 -1 0 -1 141670 -1 161928 -1 50551 -1 -1 -1 0 0 0 0 0 0.0 0.0 0.0 0.0 0.0 0.0 0.0 0.0 0.0 0.0 0.0 0.0 0 0 0 0 0 0.0 0.0 0.0 1.0 1680.0 480.0 0.0 -1
	}
}
scene {
	Unified 62697 0 0 0 19952 19954 -1 -1 -1 0 -1 -1 0 -1 141670 -1 161928 -1 63337 -1 -1 -1 0 -1 0 0 0 0.0 0.0 0.0 0.0 0.0 0.0 0.0 0.0 0.0 0.0 0.0 0.0 0 0 0 0 0 0.0 0.0 0.0 1.0 2160.0 1440.0 0.000061 -1
}
scene {
	Unified 33250 0 0 0 19940 -1 -1 -1 -1 0 -1 -1 0 -1 144268 -1 167050 -1 50545 -1 -1 -1 0 -1 0 0 0 0.0 0.0 0.0 0.0 0.0 0.0 0.0 0.0 0.0 0.0 0.0 0.0 0 0 0 0 0 0.0 0.0 0.0 1.0 2460.0 3720.0 0.0 -1
}
scene {
	Unified 60258 0 0 0 1199 -1 -1 -1 -1 0 -1 -1 0 -1 144268 -1 167050 -1 50545 -1 -1 -1 0 -1 0 0 0 0.0 0.0 0.0 0.0 0.0 0.0 0.0 0.0 0.0 0.0 0.0 0.0 0 0 0 0 0 0.0 0.0 0.0 1.0 780.0 3960.0 79.999878 -1
}
scene {
	Unified 51253 0 0 0 19940 -1 -1 -1 -1 0 -1 -1 0 -1 144268 -1 167050 -1 50545 -1 -1 -1 0 -1 0 0 0 0.0 0.0 0.0 0.0 0.0 0.0 0.0 0.0 0.0 0.0 0.0 0.0 0 0 0 0 0 0.0 0.0 0.0 1.0 2460.0 3960.0 0.000061 -1
}
scene {
	Unified 62716 0 0 0 19940 129375 -1 80116 -1 0 -1 -1 0 -1 144268 -1 167050 -1 50545 -1 -1 -1 0 3 0 0 0 0.0 0.0 0.0 0.0 0.0 0.0 0.0 0.0 0.0 0.0 0.0 0.0 0 0 0 0 0 0.0 0.0 0.0 1.0 1980.0 4200.0 0.000061 -1
	subs {
		Unified 33408 0 0 0 19940 129375 -1 80116 -1 0 -1 -1 0 -1 144268 -1 167050 -1 50545 -1 -1 -1 0 3 0 0 0 0.0 0.0 0.0 0.0 0.0 0.0 0.0 0.0 0.0 0.0 0.0 0.0 0 0 0 0 0 0.0 0.0 0.0 1.0 1980.0 4200.0 0.000061 -1
	}
}
scene {
	Unified 74866 0 0 0 19940 93632 -1 -1 -1 0 -1 -1 0 -1 144268 -1 167050 -1 50545 -1 -1 -1 0 -1 0 0 0 0.0 0.0 0.0 0.0 0.0 0.0 0.0 0.0 0.0 0.0 0.0 0.0 0 0 0 0 0 0.0 0.0 0.0 1.0 2340.0 4560.0 0.0 -1
}
scene {
	Unified 74854 0 0 0 19940 -1 -1 -1 -1 0 -1 -1 0 -1 144268 -1 167050 -1 50545 -1 -1 -1 0 -1 0 0 0 0.0 0.0 0.0 0.0 0.0 0.0 0.0 0.0 0.0 0.0 0.0 0.0 0 0 0 0 0 0.0 0.0 0.0 1.0 2460.0 4560.0 -0.000031 -1
}
scene {
	Unified 74864 0 0 0 93632 -1 -1 -1 -1 0 -1 -1 0 -1 144268 -1 -1 -1 50545 -1 -1 -1 0 -1 0 0 0 0.0 0.0 0.0 0.0 0.0 0.0 0.0 0.0 0.0 0.0 0.0 0.0 0 0 0 0 0 0.0 0.0 0.0 1.0 2100.0 4680.0 0.000031 -1
}
scene {
	Unified 74860 0 0 0 93632 -1 -1 -1 -1 0 -1 -1 0 -1 144268 -1 167050 -1 50545 -1 -1 -1 0 -1 0 0 0 0.0 0.0 0.0 0.0 0.0 0.0 0.0 0.0 0.0 0.0 0.0 0.0 0 0 0 0 0 0.0 0.0 0.0 1.0 2220.0 4680.0 -0.000031 -1
}
scene {
	Unified 74857 0 0 0 93632 -1 -1 -1 -1 0 -1 -1 0 -1 144268 -1 167050 -1 50545 -1 -1 -1 0 -1 0 0 0 0.0 0.0 0.0 0.0 0.0 0.0 0.0 0.0 0.0 0.0 0.0 0.0 0 0 0 0 0 0.0 0.0 0.0 1.0 2340.0 4680.0 0.0 -1
}
scene {
	Unified 74853 0 0 0 93632 -1 -1 -1 -1 0 -1 -1 0 -1 144268 -1 -1 -1 50545 -1 -1 -1 0 -1 0 0 0 0.0 0.0 0.0 0.0 0.0 0.0 0.0 0.0 0.0 0.0 0.0 0.0 0 0 0 0 0 0.0 0.0 0.0 1.0 2460.0 4680.0 0.0 -1
}
scene {
	Unified 74856 0 0 0 93632 -1 -1 -1 -1 0 -1 -1 0 -1 144268 -1 167050 -1 50545 -1 -1 -1 0 -1 0 0 0 0.0 0.0 0.0 0.0 0.0 0.0 0.0 0.0 0.0 0.0 0.0 0.0 0 0 0 0 0 0.0 0.0 0.0 1.0 2340.0 4800.0 -0.000031 -1
}
scene {
	Unified 74852 0 0 0 93632 -1 -1 -1 -1 0 -1 -1 0 -1 144268 -1 -1 -1 50545 -1 -1 -1 0 -1 0 0 0 0.0 0.0 0.0 0.0 0.0 0.0 0.0 0.0 0.0 0.0 0.0 0.0 0 0 0 0 0 0.0 0.0 0.0 1.0 2460.0 4800.0 -0.000031 -1
}
scene {
	Unified 74855 0 0 0 93632 -1 -1 -1 -1 0 -1 -1 0 -1 144268 -1 167050 -1 50545 -1 -1 -1 0 -1 0 0 0 0.0 0.0 0.0 0.0 0.0 0.0 0.0 0.0 0.0 0.0 0.0 0.0 0 0 0 0 0 0.0 0.0 0.0 1.0 2340.0 4920.0 0.0 -1
}
scene {
	Unified 74851 0 0 0 93632 -1 -1 -1 -1 0 -1 -1 0 -1 144268 -1 -1 -1 50545 -1 -1 -1 0 -1 0 0 0 0.0 0.0 0.0 0.0 0.0 0.0 0.0 0.0 0.0 0.0 0.0 0.0 0 0 0 0 0 0.0 0.0 0.0 1.0 2460.0 4920.0 0.0 -1
}
scene {
	Unified 74863 0 0 0 93632 -1 -1 -1 -1 0 -1 -1 0 -1 144268 -1 -1 -1 50545 -1 -1 -1 0 -1 0 0 0 0.0 0.0 0.0 0.0 0.0 0.0 0.0 0.0 0.0 0.0 0.0 0.0 0 0 0 0 0 0.0 0.0 0.0 1.0 2100.0 4800.0 0.0 -1
}
scene {
	Unified 74859 0 0 0 93632 -1 -1 -1 -1 0 -1 -1 0 -1 144268 -1 167050 -1 50545 -1 -1 -1 0 -1 0 0 0 0.0 0.0 0.0 0.0 0.0 0.0 0.0 0.0 0.0 0.0 0.0 0.0 0 0 0 0 0 0.0 0.0 0.0 1.0 2220.0 4800.0 0.000031 -1
}
scene {
	Unified 74862 0 0 0 93632 -1 -1 -1 -1 0 -1 -1 0 -1 144268 -1 167050 -1 50545 -1 -1 -1 0 -1 0 0 0 0.0 0.0 0.0 0.0 0.0 0.0 0.0 0.0 0.0 0.0 0.0 0.0 0 0 0 0 0 0.0 0.0 0.0 1.0 2100.0 4920.0 0.0 -1
}
scene {
	Unified 74858 0 0 0 93632 -1 -1 -1 -1 0 -1 -1 0 -1 144268 -1 167050 -1 50545 -1 -1 -1 0 -1 0 0 0 0.0 0.0 0.0 0.0 0.0 0.0 0.0 0.0 0.0 0.0 0.0 0.0 0 0 0 0 0 0.0 0.0 0.0 1.0 2220.0 4920.0 -0.000031 -1
}
scene {
	Unified 74227 0 0 0 19954 -1 -1 -1 -1 0 -1 -1 0 -1 141670 -1 162552 -1 63337 -1 -1 -1 0 -1 0 0 0 0.0 0.0 0.0 0.0 0.0 0.0 0.0 0.0 0.0 0.0 0.0 0.0 0 0 0 0 0 0.0 0.0 0.0 1.0 2700.0 1680.0 0.0 -1
}
scene {
	Unified 74356 0 0 0 19954 -1 -1 -1 -1 0 -1 -1 0 -1 141670 -1 162552 -1 63337 -1 -1 -1 0 -1 0 0 0 0.0 0.0 0.0 0.0 0.0 0.0 0.0 0.0 0.0 0.0 0.0 0.0 0 0 0 0 0 0.0 0.0 0.0 1.0 2340.0 2160.0 -0.000061 -1
}
scene {
	Unified 74234 0 0 0 19954 145066 145057 -1 -1 0 -1 -1 0 -1 141670 -1 162552 -1 63337 -1 -1 -1 0 7 0 0 0 0.0 0.0 0.0 0.0 0.0 0.0 0.0 0.0 0.0 0.0 0.0 0.0 0 0 0 0 0 0.0 0.0 0.0 1.0 2820.0 2040.0 0.0 -1
	subs {
		Unified 132391 0 0 0 19954 145066 145057 -1 -1 0 -1 -1 0 -1 141670 -1 162552 -1 63337 -1 -1 -1 0 7 0 0 0 0.0 0.0 0.0 0.0 0.0 0.0 0.0 0.0 0.0 0.0 0.0 0.0 0 0 0 0 0 0.0 0.0 0.0 1.0 2840.0 2060.0 -0.000008 -1
	}
}
scene {
	Unified 74234 0 0 0 19954 145066 145057 -1 -1 0 -1 -1 0 -1 141670 -1 162552 -1 63337 -1 -1 -1 0 7 0 0 0 0.0 0.0 0.0 0.0 0.0 0.0 0.0 0.0 0.0 0.0 0.0 0.0 0 0 0 0 0 0.0 0.0 0.0 1.0 2700.0 1920.0 -0.000031 -1
	subs {
		Unified 74402 0 0 0 19954 145066 145057 -1 -1 0 -1 -1 0 -1 141670 -1 162552 -1 63337 -1 -1 -1 0 7 0 0 0 0.0 0.0 0.0 0.0 0.0 0.0 0.0 0.0 0.0 0.0 0.0 0.0 0 0 0 0 0 0.0 0.0 0.0 1.0 2720.0 1940.0 -0.000038 -1
	}
}
scene {
	Unified 75283 0 0 0 19954 -1 -1 -1 -1 0 -1 -1 0 -1 141670 -1 162552 -1 63337 -1 -1 -1 0 -1 0 0 0 0.0 0.0 0.0 0.0 0.0 0.0 0.0 0.0 0.0 0.0 0.0 0.0 0 0 0 0 0 0.0 0.0 0.0 1.0 2460.0 2160.0 0.0 -1
}
scene {
	Unified 74234 0 0 0 19954 145066 145057 -1 -1 0 -1 -1 0 -1 141670 -1 162552 -1 63337 -1 -1 -1 0 7 0 0 0 0.0 0.0 0.0 0.0 0.0 0.0 0.0 0.0 0.0 0.0 0.0 0.0 0 0 0 0 0 0.0 0.0 0.0 1.0 2460.0 2040.0 -0.000031 -1
	subs {
		Unified 74441 0 0 0 19954 145066 145057 -1 -1 0 -1 -1 0 -1 141670 -1 162552 -1 63337 -1 -1 -1 0 7 0 0 0 0.0 0.0 0.0 0.0 0.0 0.0 0.0 0.0 0.0 0.0 0.0 0.0 0 0 0 0 0 0.0 0.0 0.0 1.0 2480.0 2060.0 -0.000038 -1
	}
}
scene {
	Unified 74363 0 0 0 19954 -1 -1 -1 -1 0 -1 -1 0 -1 141670 -1 162552 -1 63337 -1 -1 -1 0 -1 0 0 0 0.0 0.0 0.0 0.0 0.0 0.0 0.0 0.0 0.0 0.0 0.0 0.0 0 0 0 0 0 0.0 0.0 0.0 1.0 2580.0 2160.0 0.000031 -1
}
scene {
	Unified 74234 0 0 0 19954 145066 145057 -1 -1 0 -1 -1 0 -1 141670 -1 162552 -1 63337 -1 -1 -1 0 7 0 0 0 0.0 0.0 0.0 0.0 0.0 0.0 0.0 0.0 0.0 0.0 0.0 0.0 0 0 0 0 0 0.0 0.0 0.0 1.0 2820.0 1920.0 -0.000031 -1
	subs {
		Unified 74434 0 0 0 19954 145066 145057 -1 -1 0 -1 -1 0 -1 141670 -1 162552 -1 63337 -1 -1 -1 0 7 0 0 0 0.0 0.0 0.0 0.0 0.0 0.0 0.0 0.0 0.0 0.0 0.0 0.0 0 0 0 0 0 0.0 0.0 0.0 1.0 2840.0 1940.0 -0.000038 -1
	}
}
scene {
	Unified 74307 0 0 0 19954 -1 -1 -1 -1 0 -1 -1 0 -1 141670 -1 162552 -1 63337 -1 -1 -1 0 -1 0 0 0 0.0 0.0 0.0 0.0 0.0 0.0 0.0 0.0 0.0 0.0 0.0 0.0 0 0 0 0 0 0.0 0.0 0.0 1.0 2940.0 1800.0 0.0 -1
}
scene {
	Unified 75297 0 0 0 19954 -1 -1 -1 -1 0 -1 -1 0 -1 141670 -1 162552 -1 63337 -1 -1 -1 0 -1 0 0 0 0.0 0.0 0.0 0.0 0.0 0.0 0.0 0.0 0.0 0.0 0.0 0.0 0 0 0 0 0 0.0 0.0 0.0 1.0 2940.0 2160.0 0.0 -1
}
scene {
	Unified 74234 0 0 0 19954 145066 145057 -1 -1 0 -1 -1 0 -1 141670 -1 162552 -1 63337 -1 -1 -1 0 7 0 0 0 0.0 0.0 0.0 0.0 0.0 0.0 0.0 0.0 0.0 0.0 0.0 0.0 0 0 0 0 0 0.0 0.0 0.0 1.0 2820.0 2160.0 0.0 -1
	subs {
		Unified 74383 0 0 0 19954 145066 145057 -1 -1 0 -1 -1 0 -1 141670 -1 162552 -1 63337 -1 -1 -1 0 7 0 0 0 0.0 0.0 0.0 0.0 0.0 0.0 0.0 0.0 0.0 0.0 0.0 0.0 0 0 0 0 0 0.0 0.0 0.0 1.0 2840.0 2180.0 -0.000008 -1
	}
}
scene {
	Unified 74329 0 0 0 19954 -1 -1 -1 -1 0 -1 -1 0 -1 141670 -1 162552 -1 63337 -1 -1 -1 0 -1 0 0 0 0.0 0.0 0.0 0.0 0.0 0.0 0.0 0.0 0.0 0.0 0.0 0.0 0 0 0 0 0 0.0 0.0 0.0 1.0 2580.0 1800.0 0.0 -1
}
scene {
	Unified 33342 0 0 0 19947 -1 -1 -1 -1 0 -1 -1 0 -1 -1 -1 160591 -1 78368 -1 -1 -1 0 23 0 0 0 0.0 0.0 0.0 0.0 0.0 0.0 0.0 0.0 0.0 0.0 0.0 0.0 0 0 0 0 0 0.0 0.0 0.0 1.0 2820.0 2520.0 0.0 -1
}
scene {
	Unified 1904 0 0 0 19947 -1 -1 -1 -1 0 -1 -1 0 -1 -1 -1 -1 -1 78368 -1 -1 -1 0 -1 0 0 0 0.0 0.0 0.0 0.0 0.0 0.0 0.0 0.0 0.0 0.0 0.0 0.0 0 0 0 0 0 0.0 0.0 0.0 1.0 2580.0 2520.0 0.0 -1
}
scene {
	Unified 74536 0 0 0 19943 1199 -1 -1 -1 0 -1 -1 0 -1 144269 -1 167050 -1 50545 -1 -1 -1 0 -1 0 0 0 0.0 0.0 0.0 0.0 0.0 0.0 0.0 0.0 0.0 0.0 0.0 0.0 0 0 0 0 0 0.0 0.0 0.0 1.0 1020.0 3480.0 0.0 -1
}
scene {
	Unified 74533 0 0 0 19943 1199 -1 -1 -1 0 -1 -1 0 -1 144269 -1 167050 -1 50545 -1 -1 -1 0 -1 0 0 0 0.0 0.0 0.0 0.0 0.0 0.0 0.0 0.0 0.0 0.0 0.0 0.0 0 0 0 0 0 0.0 0.0 0.0 1.0 780.0 3480.0 0.0 -1
}
scene {
	Unified 74527 0 0 0 19943 -1 -1 -1 -1 0 -1 -1 0 -1 144269 -1 167050 -1 50545 -1 -1 -1 0 -1 0 0 0 0.0 0.0 0.0 0.0 0.0 0.0 0.0 0.0 0.0 0.0 0.0 0.0 0 0 0 0 0 0.0 0.0 0.0 1.0 1020.0 3240.0 0.0 -1
}
scene {
	Unified 74524 0 0 0 19943 -1 -1 -1 -1 0 -1 -1 0 -1 144269 -1 167050 -1 50545 -1 -1 -1 0 -1 0 0 0 0.0 0.0 0.0 0.0 0.0 0.0 0.0 0.0 0.0 0.0 0.0 0.0 0 0 0 0 0 0.0 0.0 0.0 1.0 780.0 3240.0 0.0 -1
}
scene {
	Unified 33343 0 0 0 19947 -1 -1 -1 -1 0 -1 -1 0 -1 -1 -1 -1 -1 78368 -1 -1 -1 0 -1 0 0 0 0.0 0.0 0.0 0.0 0.0 0.0 0.0 0.0 0.0 0.0 0.0 0.0 0 0 0 0 0 0.0 0.0 0.0 1.0 3060.0 2520.0 0.0 -1
}
scene {
	Unified 74620 0 0 0 19952 72712 -1 -1 -1 0 -1 -1 0 -1 144267 -1 162553 -1 73997 -1 -1 -1 0 -1 0 0 0 0.0 0.0 0.0 0.0 0.0 0.0 0.0 0.0 0.0 0.0 0.0 0.0 0 0 0 0 0 0.0 0.0 0.0 1.0 1980.0 1680.0 0.0 -1
}
scene {
	Unified 74617 0 0 0 19952 72712 -1 -1 -1 0 -1 -1 0 -1 144267 -1 162553 -1 73997 -1 -1 -1 0 -1 0 0 0 0.0 0.0 0.0 0.0 0.0 0.0 0.0 0.0 0.0 0.0 0.0 0.0 0 0 0 0 0 0.0 0.0 0.0 1.0 2100.0 1680.0 0.0 -1
}
scene {
	Unified 74621 0 0 0 19954 72712 -1 -1 -1 0 -1 -1 0 -1 144267 -1 162553 -1 73997 -1 -1 -1 0 -1 0 0 0 0.0 0.0 0.0 0.0 0.0 0.0 0.0 0.0 0.0 0.0 0.0 0.0 0 0 0 0 0 0.0 0.0 0.0 1.0 2220.0 1680.0 0.0 -1
}
scene {
	Unified 74612 0 0 0 19954 72712 -1 -1 -1 0 -1 -1 0 -1 141670 -1 162552 -1 73997 -1 -1 -1 0 -1 0 0 0 0.0 0.0 0.0 0.0 0.0 0.0 0.0 0.0 0.0 0.0 0.0 0.0 0 0 0 0 0 0.0 0.0 0.0 1.0 2340.0 1680.0 0.0 -1
}
scene {
	Unified 74619 0 0 0 72712 19954 -1 -1 -1 0 -1 -1 0 -1 144267 -1 162553 -1 73997 -1 -1 -1 0 -1 0 0 0 0.0 0.0 0.0 0.0 0.0 0.0 0.0 0.0 0.0 0.0 0.0 0.0 0 0 0 0 0 0.0 0.0 0.0 1.0 1980.0 1800.0 0.0 -1
}
scene {
	Unified 74616 0 0 0 72712 -1 -1 -1 -1 0 -1 -1 0 -1 144267 -1 162553 -1 73997 -1 -1 -1 0 -1 0 0 0 0.0 0.0 0.0 0.0 0.0 0.0 0.0 0.0 0.0 0.0 0.0 0.0 0 0 0 0 0 0.0 0.0 0.0 1.0 2100.0 1800.0 -0.000061 -1
}
scene {
	Unified 74614 0 0 0 19954 72712 -1 -1 -1 0 -1 -1 0 -1 144267 -1 162553 -1 73997 -1 -1 -1 0 -1 0 0 0 0.0 0.0 0.0 0.0 0.0 0.0 0.0 0.0 0.0 0.0 0.0 0.0 0 0 0 0 0 0.0 0.0 0.0 1.0 2220.0 1800.0 0.0 -1
}
scene {
	Unified 74611 0 0 0 19954 72712 -1 -1 -1 0 -1 -1 0 -1 144267 -1 162553 -1 73997 -1 -1 -1 0 -1 0 0 0 0.0 0.0 0.0 0.0 0.0 0.0 0.0 0.0 0.0 0.0 0.0 0.0 0 0 0 0 0 0.0 0.0 0.0 1.0 2340.0 1800.0 0.0 -1
}
scene {
	Unified 74618 0 0 0 19954 72712 -1 -1 -1 0 -1 -1 0 -1 144267 -1 162553 -1 73997 -1 -1 -1 0 -1 0 0 0 0.0 0.0 0.0 0.0 0.0 0.0 0.0 0.0 0.0 0.0 0.0 0.0 0 0 0 0 0 0.0 0.0 0.0 1.0 1980.0 1920.0 0.0 -1
}
scene {
	Unified 74615 0 0 0 19954 72712 -1 -1 -1 0 -1 -1 0 -1 144267 -1 162553 -1 73997 -1 -1 -1 0 -1 0 0 0 0.0 0.0 0.0 0.0 0.0 0.0 0.0 0.0 0.0 0.0 0.0 0.0 0 0 0 0 0 0.0 0.0 0.0 1.0 2100.0 1920.0 0.0 -1
}
scene {
	Unified 74613 0 0 0 19954 72712 -1 -1 -1 0 -1 -1 0 -1 144267 -1 162553 -1 73997 -1 -1 -1 0 -1 0 0 0 0.0 0.0 0.0 0.0 0.0 0.0 0.0 0.0 0.0 0.0 0.0 0.0 0 0 0 0 0 0.0 0.0 0.0 1.0 2220.0 1920.0 0.0 -1
}
scene {
	Unified 74610 0 0 0 19954 72712 -1 -1 -1 0 -1 -1 0 -1 141670 -1 162552 -1 73997 -1 -1 -1 0 -1 0 0 0 0.0 0.0 0.0 0.0 0.0 0.0 0.0 0.0 0.0 0.0 0.0 0.0 0 0 0 0 0 0.0 0.0 0.0 1.0 2340.0 1920.0 0.0 -1
}
scene {
	Unified 76186 0 0 0 19940 134920 -1 -1 -1 0 -1 -1 0 -1 144268 -1 167050 -1 50545 -1 -1 -1 0 4 0 0 0 0.0 0.0 0.0 0.0 0.0 0.0 0.0 0.0 0.0 0.0 0.0 0.0 0 0 0 0 0 0.0 0.0 0.0 1.0 2340.0 4200.0 0.0 -1
	subs {
		Unified 33466 0 0 0 19940 134920 -1 -1 -1 0 -1 -1 0 -1 144268 -1 167050 -1 50545 -1 -1 -1 0 4 0 0 0 0.0 0.0 0.0 0.0 0.0 0.0 0.0 0.0 0.0 0.0 0.0 0.0 0 0 0 0 0 0.0 0.0 0.0 1.0 2360.0 4220.0 0.000015 -1
	}
}
scene {
	Unified 76186 0 0 0 19940 134920 -1 -1 -1 0 -1 -1 0 -1 144268 -1 167050 -1 50545 -1 -1 -1 0 4 0 0 0 0.0 0.0 0.0 0.0 0.0 0.0 0.0 0.0 0.0 0.0 0.0 0.0 0 0 0 0 0 0.0 0.0 0.0 1.0 2220.0 4440.0 0.000031 -1
	subs {
		Unified 108454 0 0 0 19940 134920 -1 -1 -1 0 -1 -1 0 -1 144268 -1 167050 -1 50545 -1 -1 -1 0 4 0 0 0 0.0 0.0 0.0 0.0 0.0 0.0 0.0 0.0 0.0 0.0 0.0 0.0 0 0 0 0 0 0.0 0.0 0.0 1.0 2240.0 4460.0 0.000046 -1
	}
}
scene {
	Unified 75789 0 0 0 19940 -1 -1 -1 -1 0 -1 -1 0 -1 144268 -1 167050 -1 50545 -1 -1 -1 0 -1 0 0 0 0.0 0.0 0.0 0.0 0.0 0.0 0.0 0.0 0.0 0.0 0.0 0.0 0 0 0 0 0 0.0 0.0 0.0 1.0 2460.0 4440.0 0.000061 -1
}
scene {
	Unified 33337 0 0 0 19954 -1 -1 -1 -1 0 -1 -1 0 -1 141670 -1 162552 -1 63337 -1 -1 -1 0 -1 0 0 0 0.0 0.0 0.0 0.0 0.0 0.0 0.0 0.0 0.0 0.0 0.0 0.0 0 0 0 0 0 0.0 0.0 0.0 1.0 2820.0 2280.0 0.0 -1
}
scene {
	Unified 74220 0 0 0 19954 -1 -1 -1 -1 0 -1 -1 0 -1 141670 -1 162552 -1 63337 -1 -1 -1 0 -1 0 0 0 0.0 0.0 0.0 0.0 0.0 0.0 0.0 0.0 0.0 0.0 0.0 0.0 0 0 0 0 0 0.0 0.0 0.0 1.0 2940.0 1920.0 0.0 -1
}
scene {
	Unified 77286 0 0 0 1199 -1 -1 -1 -1 0 -1 -1 0 -1 144268 -1 167050 -1 50545 -1 -1 -1 0 -1 0 0 0 0.0 0.0 0.0 0.0 0.0 0.0 0.0 0.0 0.0 0.0 0.0 0.0 0 0 0 0 0 0.0 0.0 0.0 1.0 1260.0 3720.0 0.0 -1
}
scene {
	Unified 77283 0 0 0 19941 -1 -1 -1 -1 0 -1 -1 0 -1 144268 -1 167050 -1 50545 -1 -1 -1 0 -1 0 0 0 0.0 0.0 0.0 0.0 0.0 0.0 0.0 0.0 0.0 0.0 0.0 0.0 0 0 0 0 0 0.0 0.0 0.0 1.0 1380.0 3720.0 0.0 -1
}
scene {
	Unified 77285 0 0 0 19941 1199 -1 -1 -1 0 -1 -1 0 -1 144268 -1 167050 -1 50545 -1 -1 -1 0 -1 0 0 0 0.0 0.0 0.0 0.0 0.0 0.0 0.0 0.0 0.0 0.0 0.0 0.0 0 0 0 0 0 0.0 0.0 0.0 1.0 1260.0 3840.0 0.0 -1
}
scene {
	Unified 77282 0 0 0 19941 -1 -1 -1 -1 0 -1 -1 0 -1 144268 -1 167050 -1 50545 -1 -1 -1 0 -1 0 0 0 0.0 0.0 0.0 0.0 0.0 0.0 0.0 0.0 0.0 0.0 0.0 0.0 0 0 0 0 0 0.0 0.0 0.0 1.0 1380.0 3840.0 0.0 -1
}
scene {
	Unified 77290 0 0 0 19941 1199 -1 -1 -1 0 -1 -1 0 -1 144268 -1 167050 -1 50545 -1 -1 -1 0 -1 0 0 0 0.0 0.0 0.0 0.0 0.0 0.0 0.0 0.0 0.0 0.0 0.0 0.0 0 0 0 0 0 0.0 0.0 0.0 1.0 1260.0 3960.0 0.0 -1
}
scene {
	Unified 77281 0 0 0 19941 -1 -1 -1 -1 0 -1 -1 0 -1 144268 -1 167050 -1 50545 -1 -1 -1 0 -1 0 0 0 0.0 0.0 0.0 0.0 0.0 0.0 0.0 0.0 0.0 0.0 0.0 0.0 0 0 0 0 0 0.0 0.0 0.0 1.0 1380.0 3960.0 0.0 -1
}
scene {
	Unified 76186 0 0 0 19940 134920 -1 -1 -1 0 -1 -1 0 -1 144268 -1 167050 -1 50545 -1 -1 -1 0 4 0 0 0 0.0 0.0 0.0 0.0 0.0 0.0 0.0 0.0 0.0 0.0 0.0 0.0 0 0 0 0 0 0.0 0.0 0.0 1.0 2220.0 3960.0 -0.000061 -1
	subs {
	Unified 81894 0 0 0 19940 134920 -1 -1 -1 0 -1 -1 0 -1 144268 -1 167050 -1 50545 -1 -1 -1 0 4 0 0 0 0.0 0.0 0.0 0.0 0.0 0.0 0.0 0.0 0.0 0.0 0.0 0.0 0 0 0 0 0 0.0 0.0 0.0 1.0 2240.0 3980.0 -0.000046 -1
	}
}
scene {
	Unified 33336 0 0 0 19954 -1 -1 -1 -1 0 -1 -1 0 -1 141670 -1 162552 -1 63337 -1 -1 -1 0 -1 0 0 0 0.0 0.0 0.0 0.0 0.0 0.0 0.0 0.0 0.0 0.0 0.0 0.0 0 0 0 0 0 0.0 0.0 0.0 1.0 2580.0 2280.0 0.0 -1
}
scene {
	Unified 33476 0 0 0 19952 179212 -1 -1 -1 0 -1 -1 0 -1 141670 -1 161928 -1 50551 -1 -1 -1 0 -1 0 0 0 0.0 0.0 0.0 0.0 0.0 0.0 0.0 0.0 0.0 0.0 0.0 0.0 0 0 0 0 0 0.0 0.0 0.0 1.0 1440.0 240.0 -0.000061 -1
}
scene {
	Unified 78211 0 0 0 19952 -1 -1 -1 -1 0 -1 -1 0 -1 141670 -1 161928 -1 50551 -1 -1 -1 0 -1 0 0 0 0.0 0.0 0.0 0.0 0.0 0.0 0.0 0.0 0.0 0.0 0.0 0.0 0 0 0 0 0 0.0 0.0 0.0 1.0 1440.0 480.0 0.0 -1
}
scene {
	Unified 78212 0 0 0 19952 179224 -1 -1 -1 0 -1 -1 0 -1 141670 -1 161928 -1 50551 -1 -1 -1 0 -1 0 0 0 0.0 0.0 0.0 0.0 0.0 0.0 0.0 0.0 0.0 0.0 0.0 0.0 0 0 0 0 0 0.0 0.0 0.0 1.0 1440.0 720.0 0.0 -1
}
scene {
	Unified 79023 0 0 0 19954 -1 -1 -1 -1 -1 -1 -1 -1 -1 141670 -1 162552 -1 63337 -1 -1 -1 0 9 0 0 0 0.0 0.0 0.0 0.0 0.0 0.0 0.0 0.0 0.0 0.0 0.0 0.0 0 0 0 0 0 0.0 0.0 0.0 1.0 2460.0 1800.0 0.000061 -1
	subs {
		Unified 74248 0 0 0 19954 -1 -1 -1 -1 -1 -1 -1 -1 -1 141670 -1 162552 -1 63337 -1 -1 -1 0 9 0 0 0 0.0 0.0 0.0 0.0 0.0 0.0 0.0 0.0 0.0 0.0 0.0 0.0 0 0 0 0 0 0.0 0.0 0.0 1.0 2460.0 1800.0 0.000076 -1
	}
}
scene {
	Unified 79023 0 0 0 19954 -1 -1 -1 -1 -1 -1 -1 -1 -1 141670 -1 162552 -1 63337 -1 -1 -1 0 10 0 0 0 0.0 0.0 0.0 0.0 0.0 0.0 0.0 0.0 0.0 0.0 0.0 0.0 0 0 0 0 0 0.0 0.0 0.0 1.0 2460.0 1920.0 0.0 -1
	subs {
		Unified 78798 0 0 0 19954 -1 -1 -1 -1 -1 -1 -1 -1 -1 141670 -1 162552 -1 63337 -1 -1 -1 0 10 0 0 0 0.0 0.0 0.0 0.0 0.0 0.0 0.0 0.0 0.0 0.0 0.0 0.0 0 0 0 0 0 0.0 0.0 0.0 1.0 2460.0 1920.0 0.000015 -1
	}
}
scene {
	Unified 79023 0 0 0 19954 -1 -1 -1 -1 -1 -1 -1 -1 -1 141670 -1 162552 -1 63337 -1 -1 -1 0 9 0 0 0 0.0 0.0 0.0 0.0 0.0 0.0 0.0 0.0 0.0 0.0 0.0 0.0 0 0 0 0 0 0.0 0.0 0.0 1.0 2580.0 1920.0 0.0 -1
	subs {
		Unified 74248 0 0 0 19954 -1 -1 -1 -1 -1 -1 -1 -1 -1 141670 -1 162552 -1 63337 -1 -1 -1 0 9 0 0 0 0.0 0.0 0.0 0.0 0.0 0.0 0.0 0.0 0.0 0.0 0.0 0.0 0 0 0 0 0 0.0 0.0 0.0 1.0 2580.0 1920.0 0.000015 -1
	}
}
scene {
	Unified 79023 0 0 0 19954 -1 -1 -1 -1 -1 -1 -1 -1 -1 141670 -1 162552 -1 63337 -1 -1 -1 0 10 0 0 0 0.0 0.0 0.0 0.0 0.0 0.0 0.0 0.0 0.0 0.0 0.0 0.0 0 0 0 0 0 0.0 0.0 0.0 1.0 2580.0 2040.0 -0.000061 -1
	subs {
		Unified 78798 0 0 0 19954 -1 -1 -1 -1 -1 -1 -1 -1 -1 141670 -1 162552 -1 63337 -1 -1 -1 0 10 0 0 0 0.0 0.0 0.0 0.0 0.0 0.0 0.0 0.0 0.0 0.0 0.0 0.0 0 0 0 0 0 0.0 0.0 0.0 1.0 2580.0 2040.0 -0.000046 -1
	}
}
scene {
	Unified 79023 0 0 0 19954 -1 -1 -1 -1 -1 -1 -1 -1 -1 141670 -1 162552 -1 63337 -1 -1 -1 0 9 0 0 0 0.0 0.0 0.0 0.0 0.0 0.0 0.0 0.0 0.0 0.0 0.0 0.0 0 0 0 0 0 0.0 0.0 0.0 1.0 2700.0 2040.0 0.000061 -1
	subs {
		Unified 78420 0 0 0 19954 -1 -1 -1 -1 -1 -1 -1 -1 -1 141670 -1 162552 -1 63337 -1 -1 -1 0 9 0 0 0 0.0 0.0 0.0 0.0 0.0 0.0 0.0 0.0 0.0 0.0 0.0 0.0 0 0 0 0 0 0.0 0.0 0.0 1.0 2700.0 2040.0 0.000076 -1
	}
}
scene {
	Unified 79023 0 0 0 19954 -1 -1 -1 -1 -1 -1 -1 -1 -1 141670 -1 162552 -1 63337 -1 -1 -1 0 11 0 0 0 0.0 0.0 0.0 0.0 0.0 0.0 0.0 0.0 0.0 0.0 0.0 0.0 0 0 0 0 0 0.0 0.0 0.0 1.0 2700.0 2160.0 0.000061 -1
	subs {
		Unified 74241 0 0 0 19954 -1 -1 -1 -1 -1 -1 -1 -1 -1 141670 -1 162552 -1 63337 -1 -1 -1 0 11 0 0 0 0.0 0.0 0.0 0.0 0.0 0.0 0.0 0.0 0.0 0.0 0.0 0.0 0 0 0 0 0 0.0 0.0 0.0 1.0 2700.0 2160.0 0.000076 -1
	}
}
scene {
	Unified 79217 0 0 0 19953 -1 -1 -1 -1 -1 -1 -1 -1 -1 144265 -1 7114 -1 81143 -1 -1 -1 0 -1 0 0 0 0.0 0.0 0.0 0.0 0.0 0.0 0.0 0.0 0.0 0.0 0.0 0.0 0 0 0 0 0 0.0 0.0 0.0 1.0 720.0 480.0 0.0 -1
}
scene {
	Unified 79216 0 0 0 19953 -1 -1 -1 -1 -1 -1 -1 -1 -1 144265 -1 7114 -1 81143 -1 -1 -1 0 -1 0 0 0 0.0 0.0 0.0 0.0 0.0 0.0 0.0 0.0 0.0 0.0 0.0 0.0 0 0 0 0 0 0.0 0.0 0.0 1.0 720.0 720.0 0.0 -1
}
scene {
	Unified 62716 0 0 0 19940 -1 -1 -1 -1 -1 -1 -1 -1 -1 144268 -1 167050 -1 50545 -1 -1 -1 0 14 0 0 0 0.0 0.0 0.0 0.0 0.0 0.0 0.0 0.0 0.0 0.0 0.0 0.0 0 0 0 0 0 0.0 0.0 0.0 1.0 1980.0 3720.0 0.0 -1
	subs {
		Unified 74148 0 0 0 19940 -1 -1 -1 -1 -1 -1 -1 -1 -1 144268 -1 167050 -1 50545 -1 -1 -1 0 14 0 0 0 0.0 0.0 0.0 0.0 0.0 0.0 0.0 0.0 0.0 0.0 0.0 0.0 0 0 0 0 0 0.0 0.0 0.0 1.0 1980.0 3720.0 0.0 -1
	}
}
scene {
	Unified 81126 0 0 0 19953 -1 -1 -1 -1 -1 -1 -1 -1 -1 144265 -1 7114 -1 81143 -1 -1 -1 0 -1 0 0 0 0.0 0.0 0.0 0.0 0.0 0.0 0.0 0.0 0.0 0.0 0.0 0.0 0 0 0 0 0 0.0 0.0 0.0 1.0 0.0 600.0 20.0 -1
}
scene {
	Unified 80957 0 0 0 19953 -1 -1 -1 -1 -1 -1 -1 -1 -1 144265 -1 7114 -1 81143 -1 -1 -1 0 -1 0 0 0 0.0 0.0 0.0 0.0 0.0 0.0 0.0 0.0 0.0 0.0 0.0 0.0 0 0 0 0 0 0.0 0.0 0.0 1.0 120.0 480.0 20.0 -1
}
scene {
	Unified 80967 0 0 0 19953 -1 -1 -1 -1 -1 -1 -1 -1 -1 144265 -1 7114 -1 81143 -1 -1 -1 0 -1 0 0 0 0.0 0.0 0.0 0.0 0.0 0.0 0.0 0.0 0.0 0.0 0.0 0.0 0 0 0 0 0 0.0 0.0 0.0 1.0 120.0 840.0 20.000061 -1
}
scene {
	Unified 80949 0 0 0 19953 -1 -1 -1 -1 -1 -1 -1 -1 -1 144265 -1 -1 -1 81143 -1 -1 -1 0 -1 0 0 0 0.0 0.0 0.0 0.0 0.0 0.0 0.0 0.0 0.0 0.0 0.0 0.0 0 0 0 0 0 0.0 0.0 0.0 1.0 120.0 960.0 20.0 -1
}
scene {
	Unified 81089 0 0 0 19953 -1 -1 -1 -1 -1 -1 -1 -1 -1 144265 -1 7114 -1 81143 -1 -1 -1 0 -1 0 0 0 0.0 0.0 0.0 0.0 0.0 0.0 0.0 0.0 0.0 0.0 0.0 0.0 0 0 0 0 0 0.0 0.0 0.0 1.0 240.0 960.0 20.0 -1
}
scene {
	Unified 80935 0 0 0 19953 -1 -1 -1 -1 -1 -1 -1 -1 -1 144265 -1 -1 -1 81143 -1 -1 -1 0 -1 0 0 0 0.0 0.0 0.0 0.0 0.0 0.0 0.0 0.0 0.0 0.0 0.0 0.0 0 0 0 0 0 0.0 0.0 0.0 1.0 480.0 960.0 19.999939 -1
}
scene {
	Unified 80942 0 0 0 19953 -1 -1 -1 -1 -1 -1 -1 -1 -1 144265 -1 -1 -1 81143 -1 -1 -1 0 -1 0 0 0 0.0 0.0 0.0 0.0 0.0 0.0 0.0 0.0 0.0 0.0 0.0 0.0 0 0 0 0 0 0.0 0.0 0.0 1.0 120.0 1080.0 20.0 -1
}
scene {
	Unified 80942 0 0 0 19953 -1 -1 -1 -1 -1 -1 -1 -1 -1 144265 -1 -1 -1 81143 -1 -1 -1 0 -1 0 0 0 0.0 0.0 0.0 0.0 0.0 0.0 0.0 0.0 0.0 0.0 0.0 0.0 0 0 0 0 0 0.0 0.0 0.0 1.0 0.0 840.0 20.0 -1
}
scene {
	Unified 80942 0 0 0 19953 -1 -1 -1 -1 -1 -1 -1 -1 -1 144265 -1 -1 -1 81143 -1 -1 -1 0 -1 0 0 0 0.0 0.0 0.0 0.0 0.0 0.0 0.0 0.0 0.0 0.0 0.0 0.0 0 0 0 0 0 0.0 0.0 0.0 1.0 0.0 960.0 20.0 -1
}
scene {
	Unified 80942 0 0 0 19953 -1 -1 -1 -1 -1 -1 -1 -1 -1 144265 -1 -1 -1 81143 -1 -1 -1 0 -1 0 0 0 0.0 0.0 0.0 0.0 0.0 0.0 0.0 0.0 0.0 0.0 0.0 0.0 0 0 0 0 0 0.0 0.0 0.0 1.0 0.0 480.0 20.000061 -1
}
scene {
	Unified 80976 0 0 0 19953 -1 -1 -1 -1 -1 -1 -1 -1 -1 144265 -1 -1 -1 81143 -1 -1 -1 0 -1 0 0 0 0.0 0.0 0.0 0.0 0.0 0.0 0.0 0.0 0.0 0.0 0.0 0.0 0 0 0 0 0 0.0 0.0 0.0 1.0 600.0 960.0 20.0 -1
}
scene {
	Unified 80998 0 0 0 19953 -1 -1 -1 -1 -1 -1 -1 -1 -1 144265 -1 7114 -1 81143 -1 -1 -1 0 -1 0 0 0 0.0 0.0 0.0 0.0 0.0 0.0 0.0 0.0 0.0 0.0 0.0 0.0 0 0 0 0 0 0.0 0.0 0.0 1.0 600.0 840.0 20.0 -1
}
scene {
	Unified 81043 0 0 0 19953 -1 -1 -1 -1 -1 -1 -1 -1 -1 144265 -1 7114 -1 81143 -1 -1 -1 0 -1 0 0 0 0.0 0.0 0.0 0.0 0.0 0.0 0.0 0.0 0.0 0.0 0.0 0.0 0 0 0 0 0 0.0 0.0 0.0 1.0 600.0 600.0 20.0 -1
}
scene {
	Unified 81026 0 0 0 19953 -1 -1 -1 -1 -1 -1 -1 -1 -1 144265 -1 7114 -1 81143 -1 -1 -1 0 -1 0 0 0 0.0 0.0 0.0 0.0 0.0 0.0 0.0 0.0 0.0 0.0 0.0 0.0 0 0 0 0 0 0.0 0.0 0.0 1.0 600.0 480.0 20.000061 -1
}
scene {
	Unified 81139 0 0 0 19953 -1 -1 -1 -1 -1 -1 -1 -1 -1 144265 -1 7114 -1 81143 -1 -1 -1 0 -1 0 0 0 0.0 0.0 0.0 0.0 0.0 0.0 0.0 0.0 0.0 0.0 0.0 0.0 0 0 0 0 0 0.0 0.0 0.0 1.0 360.0 360.0 20.0 -1
}
scene {
	Unified 81057 0 0 0 19953 -1 -1 -1 -1 -1 -1 -1 -1 -1 144265 -1 7114 -1 81143 -1 -1 -1 0 -1 0 0 0 0.0 0.0 0.0 0.0 0.0 0.0 0.0 0.0 0.0 0.0 0.0 0.0 0 0 0 0 0 0.0 0.0 0.0 1.0 240.0 480.0 20.0 -1
}
scene {
	Unified 80942 0 0 0 19953 -1 -1 -1 -1 -1 -1 -1 -1 -1 144265 -1 -1 -1 81143 -1 -1 -1 0 -1 0 0 0 0.0 0.0 0.0 0.0 0.0 0.0 0.0 0.0 0.0 0.0 0.0 0.0 0 0 0 0 0 0.0 0.0 0.0 1.0 600.0 360.0 20.0 -1
}
scene {
	Unified 80942 0 0 0 19953 -1 -1 -1 -1 -1 -1 -1 -1 -1 144265 -1 -1 -1 81143 -1 -1 -1 0 -1 0 0 0 0.0 0.0 0.0 0.0 0.0 0.0 0.0 0.0 0.0 0.0 0.0 0.0 0 0 0 0 0 0.0 0.0 0.0 1.0 240.0 360.0 19.999969 -1
}
scene {
	Unified 80942 0 0 0 19953 -1 -1 -1 -1 -1 -1 -1 -1 -1 144265 -1 -1 -1 81143 -1 -1 -1 0 -1 0 0 0 0.0 0.0 0.0 0.0 0.0 0.0 0.0 0.0 0.0 0.0 0.0 0.0 0 0 0 0 0 0.0 0.0 0.0 1.0 120.0 360.0 20.0 -1
}
scene {
	Unified 81114 0 0 0 19953 -1 -1 -1 -1 -1 -1 -1 -1 -1 144265 -1 7114 -1 81143 -1 -1 -1 0 -1 0 0 0 0.0 0.0 0.0 0.0 0.0 0.0 0.0 0.0 0.0 0.0 0.0 0.0 0 0 0 0 0 0.0 0.0 0.0 1.0 480.0 720.0 20.000031 -1
}
scene {
	Unified 81078 0 0 0 19953 -1 -1 -1 -1 -1 -1 -1 -1 -1 144265 -1 7114 -1 81143 -1 -1 -1 0 2 0 0 0 0.0 0.0 0.0 0.0 0.0 0.0 0.0 0.0 0.0 0.0 0.0 0.0 0 0 0 0 0 0.0 0.0 0.0 1.0 240.0 600.0 20.0 -1
	subs {
		Unified 80042 0 0 0 19953 -1 -1 -1 -1 -1 -1 -1 -1 -1 144265 -1 7114 -1 81143 -1 -1 -1 0 2 0 0 0 0.0 0.0 0.0 0.0 0.0 0.0 0.0 0.0 0.0 0.0 0.0 0.0 0 0 0 0 0 0.0 0.0 0.0 1.0 240.0 600.0 20.0 -1
	}
}
scene {
	Unified 81078 0 0 0 19953 -1 -1 -1 -1 -1 -1 -1 -1 -1 144265 -1 7114 -1 81143 -1 -1 -1 0 2 0 0 0 0.0 0.0 0.0 0.0 0.0 0.0 0.0 0.0 0.0 0.0 0.0 0.0 0 0 0 0 0 0.0 0.0 0.0 1.0 360.0 600.0 20.0 -1
	subs {
		Unified 81152 0 0 0 19953 -1 -1 -1 -1 -1 -1 -1 -1 -1 144265 -1 7114 -1 81143 -1 -1 -1 0 2 0 0 0 0.0 0.0 0.0 0.0 0.0 0.0 0.0 0.0 0.0 0.0 0.0 0.0 0 0 0 0 0 0.0 0.0 0.0 1.0 360.0 600.0 20.0 -1
	}
}
scene {
	Unified 81078 0 0 0 19953 -1 -1 -1 -1 -1 -1 -1 -1 -1 144265 -1 7114 -1 81143 -1 -1 -1 0 2 0 0 0 0.0 0.0 0.0 0.0 0.0 0.0 0.0 0.0 0.0 0.0 0.0 0.0 0 0 0 0 0 0.0 0.0 0.0 1.0 480.0 600.0 20.0 -1
	subs {
		Unified 81159 0 0 0 19953 -1 -1 -1 -1 -1 -1 -1 -1 -1 144265 -1 7114 -1 81143 -1 -1 -1 0 2 0 0 0 0.0 0.0 0.0 0.0 0.0 0.0 0.0 0.0 0.0 0.0 0.0 0.0 0 0 0 0 0 0.0 0.0 0.0 1.0 480.0 600.0 20.0 -1
	}
}
scene {
	Unified 81078 0 0 0 19953 -1 -1 -1 -1 -1 -1 -1 -1 -1 144265 -1 7114 -1 81143 -1 -1 -1 0 28 0 0 0 0.0 0.0 0.0 0.0 0.0 0.0 0.0 0.0 0.0 0.0 0.0 0.0 0 0 0 0 0 0.0 0.0 0.0 1.0 480.0 840.0 20.0 -1
	subs {
		Unified 80370 0 0 0 19953 -1 -1 -1 -1 -1 -1 -1 -1 -1 144265 -1 7114 -1 81143 -1 -1 -1 0 28 0 0 0 0.0 0.0 0.0 0.0 0.0 0.0 0.0 0.0 0.0 0.0 0.0 0.0 0 0 0 0 0 0.0 0.0 0.0 1.0 480.0 840.0 20.0 -1
	}
}
scene {
	Unified 81078 0 0 0 19953 -1 -1 -1 -1 -1 -1 -1 -1 -1 144265 -1 7114 -1 81143 -1 -1 -1 0 28 0 0 0 0.0 0.0 0.0 0.0 0.0 0.0 0.0 0.0 0.0 0.0 0.0 0.0 0 0 0 0 0 0.0 0.0 0.0 1.0 360.0 840.0 20.0 -1
	subs {
		Unified 81159 0 0 0 19953 -1 -1 -1 -1 -1 -1 -1 -1 -1 144265 -1 7114 -1 81143 -1 -1 -1 0 28 0 0 0 0.0 0.0 0.0 0.0 0.0 0.0 0.0 0.0 0.0 0.0 0.0 0.0 0 0 0 0 0 0.0 0.0 0.0 1.0 360.0 840.0 20.0 -1
	}
}
scene {
	Unified 81078 0 0 0 19953 -1 -1 -1 -1 -1 -1 -1 -1 -1 144265 -1 7114 -1 81143 -1 -1 -1 0 28 0 0 0 0.0 0.0 0.0 0.0 0.0 0.0 0.0 0.0 0.0 0.0 0.0 0.0 0 0 0 0 0 0.0 0.0 0.0 1.0 240.0 840.0 20.0 -1
	subs {
		Unified 81159 0 0 0 19953 -1 -1 -1 -1 -1 -1 -1 -1 -1 144265 -1 7114 -1 81143 -1 -1 -1 0 28 0 0 0 0.0 0.0 0.0 0.0 0.0 0.0 0.0 0.0 0.0 0.0 0.0 0.0 0 0 0 0 0 0.0 0.0 0.0 1.0 240.0 840.0 20.0 -1
	}
}
scene {
	Unified 81078 0 0 0 19953 -1 -1 -1 -1 -1 -1 -1 -1 -1 144265 -1 7114 -1 81143 -1 -1 -1 0 29 0 0 0 0.0 0.0 0.0 0.0 0.0 0.0 0.0 0.0 0.0 0.0 0.0 0.0 0 0 0 0 0 0.0 0.0 0.0 1.0 240.0 720.0 20.0 -1
	subs {
		Unified 81152 0 0 0 19953 -1 -1 -1 -1 -1 -1 -1 -1 -1 144265 -1 7114 -1 81143 -1 -1 -1 0 29 0 0 0 0.0 0.0 0.0 0.0 0.0 0.0 0.0 0.0 0.0 0.0 0.0 0.0 0 0 0 0 0 0.0 0.0 0.0 1.0 240.0 720.0 20.0 -1
	}
}
scene {
	Unified 81078 0 0 0 19953 -1 -1 -1 -1 -1 -1 -1 -1 -1 144265 -1 7114 -1 81143 -1 -1 -1 0 29 0 0 0 0.0 0.0 0.0 0.0 0.0 0.0 0.0 0.0 0.0 0.0 0.0 0.0 0 0 0 0 0 0.0 0.0 0.0 1.0 360.0 720.0 20.0 -1
	subs {
		Unified 82684 0 0 0 19953 -1 -1 -1 -1 -1 -1 -1 -1 -1 144265 -1 7114 -1 81143 -1 -1 -1 0 29 0 0 0 0.0 0.0 0.0 0.0 0.0 0.0 0.0 0.0 0.0 0.0 0.0 0.0 0 0 0 0 0 0.0 0.0 0.0 1.0 360.0 720.0 20.0 -1
	}
}
scene {
	Unified 82668 0 0 0 19953 -1 -1 -1 -1 -1 -1 -1 -1 -1 144265 -1 7114 -1 81143 -1 -1 -1 0 -1 0 0 0 0.0 0.0 0.0 0.0 0.0 0.0 0.0 0.0 0.0 0.0 0.0 0.0 0 0 0 0 0 0.0 0.0 0.0 1.0 600.0 720.0 20.0 -1
}
scene {
	Unified 79023 0 0 0 19940 -1 -1 -1 -1 -1 -1 -1 -1 -1 144268 -1 167050 -1 50545 -1 -1 -1 0 16 0 0 0 0.0 0.0 0.0 0.0 0.0 0.0 0.0 0.0 0.0 0.0 0.0 0.0 0 0 0 0 0 0.0 0.0 0.0 1.0 2340.0 4440.0 0.0 -1
	subs {
		Unified 76172 0 0 0 19940 -1 -1 -1 -1 -1 -1 -1 -1 -1 144268 -1 167050 -1 50545 -1 -1 -1 0 16 0 0 0 0.0 0.0 0.0 0.0 0.0 0.0 0.0 0.0 0.0 0.0 0.0 0.0 0 0 0 0 0 0.0 0.0 0.0 1.0 2340.0 4440.0 0.000015 -1
	}
}
scene {
	Unified 79023 0 0 0 19940 -1 -1 -1 -1 -1 -1 -1 -1 -1 144268 -1 167050 -1 50545 -1 -1 -1 0 17 0 0 0 0.0 0.0 0.0 0.0 0.0 0.0 0.0 0.0 0.0 0.0 0.0 0.0 0 0 0 0 0 0.0 0.0 0.0 1.0 2340.0 4320.0 0.0 -1
	subs {
		Unified 83326 0 0 0 19940 -1 -1 -1 -1 -1 -1 -1 -1 -1 144268 -1 167050 -1 50545 -1 -1 -1 0 17 0 0 0 0.0 0.0 0.0 0.0 0.0 0.0 0.0 0.0 0.0 0.0 0.0 0.0 0 0 0 0 0 0.0 0.0 0.0 1.0 2340.0 4320.0 0.000015 -1
	}
}
scene {
	Unified 79023 0 0 0 19940 -1 -1 -1 -1 -1 -1 -1 -1 -1 144268 -1 167050 -1 50545 -1 -1 -1 0 18 0 0 0 0.0 0.0 0.0 0.0 0.0 0.0 0.0 0.0 0.0 0.0 0.0 0.0 0 0 0 0 0 0.0 0.0 0.0 1.0 2100.0 4080.0 -0.000031 -1
	subs {
		Unified 83257 0 0 0 19940 -1 -1 -1 -1 -1 -1 -1 -1 -1 144268 -1 167050 -1 50545 -1 -1 -1 0 18 0 0 0 0.0 0.0 0.0 0.0 0.0 0.0 0.0 0.0 0.0 0.0 0.0 0.0 0 0 0 0 0 0.0 0.0 0.0 1.0 2100.0 4080.0 -0.000015 -1
	}
}
scene {
	Unified 79023 0 0 0 1199 -1 -1 -1 -1 -1 -1 -1 -1 -1 144268 -1 167050 -1 50545 -1 -1 -1 0 18 0 0 0 0.0 0.0 0.0 0.0 0.0 0.0 0.0 0.0 0.0 0.0 0.0 0.0 0 0 0 0 0 0.0 0.0 0.0 1.0 1140.0 3840.0 80.0 -1
	subs {
		Unified 83286 0 0 0 1199 -1 -1 -1 -1 -1 -1 -1 -1 -1 144268 -1 167050 -1 50545 -1 -1 -1 0 18 0 0 0 0.0 0.0 0.0 0.0 0.0 0.0 0.0 0.0 0.0 0.0 0.0 0.0 0 0 0 0 0 0.0 0.0 0.0 1.0 1140.0 3840.0 80.000015 -1
	}
}
scene {
	Unified 79023 0 0 0 1199 -1 -1 -1 -1 -1 -1 -1 -1 -1 144268 -1 167050 -1 50545 -1 -1 -1 0 21 0 0 0 0.0 0.0 0.0 0.0 0.0 0.0 0.0 0.0 0.0 0.0 0.0 0.0 0 0 0 0 0 0.0 0.0 0.0 1.0 1020.0 3840.0 80.0 -1
	subs {
		Unified 76214 0 0 0 1199 -1 -1 -1 -1 -1 -1 -1 -1 -1 144268 -1 167050 -1 50545 -1 -1 -1 0 21 0 0 0 0.0 0.0 0.0 0.0 0.0 0.0 0.0 0.0 0.0 0.0 0.0 0.0 0 0 0 0 0 0.0 0.0 0.0 1.0 1020.0 3840.0 80.000015 -1
	}
}
scene {
	Unified 79023 0 0 0 1199 -1 -1 -1 -1 -1 -1 -1 -1 -1 144268 -1 167050 -1 50545 -1 -1 -1 0 16 0 0 0 0.0 0.0 0.0 0.0 0.0 0.0 0.0 0.0 0.0 0.0 0.0 0.0 0 0 0 0 0 0.0 0.0 0.0 1.0 1020.0 3720.0 80.0 -1
	subs {
		Unified 76172 0 0 0 1199 -1 -1 -1 -1 -1 -1 -1 -1 -1 144268 -1 167050 -1 50545 -1 -1 -1 0 16 0 0 0 0.0 0.0 0.0 0.0 0.0 0.0 0.0 0.0 0.0 0.0 0.0 0.0 0 0 0 0 0 0.0 0.0 0.0 1.0 1020.0 3720.0 80.000015 -1
	}
}
scene {
	Unified 74463 0 0 0 -1 -1 -1 -1 -1 -1 -1 -1 -1 -1 -1 -1 -1 -1 63337 -1 -1 -1 0 -1 0 0 0 0.0 0.0 0.0 0.0 0.0 0.0 0.0 0.0 0.0 0.0 0.0 0.0 0 0 0 0 0 0.0 0.0 0.0 1.0 2940.0 1680.0 0.0 -1
}
scene {
	Unified 74463 0 0 0 -1 -1 -1 -1 -1 -1 -1 -1 -1 -1 -1 -1 -1 -1 63337 -1 -1 -1 0 -1 0 0 0 0.0 0.0 0.0 0.0 0.0 0.0 0.0 0.0 0.0 0.0 0.0 0.0 0 0 0 0 0 0.0 0.0 0.0 1.0 3060.0 1800.0 -0.000031 -1
}
scene {
	Unified 74463 0 0 0 -1 -1 -1 -1 -1 -1 -1 -1 -1 -1 -1 -1 -1 -1 63337 -1 -1 -1 0 -1 0 0 0 0.0 0.0 0.0 0.0 0.0 0.0 0.0 0.0 0.0 0.0 0.0 0.0 0 0 0 0 0 0.0 0.0 0.0 1.0 3060.0 2160.0 0.0 -1
}
scene {
	Unified 78561 0 0 0 -1 -1 -1 -1 -1 -1 -1 -1 -1 -1 144268 -1 -1 -1 50545 -1 -1 -1 0 -1 0 0 0 0.0 0.0 0.0 0.0 0.0 0.0 0.0 0.0 0.0 0.0 0.0 0.0 0 0 0 0 0 0.0 0.0 0.0 1.0 2460.0 3480.0 0.0 -1
}
scene {
	Unified 33338 0 0 0 -1 -1 -1 -1 -1 -1 -1 -1 -1 -1 -1 -1 -1 -1 -1 -1 -1 -1 0 -1 0 0 0 0.0 0.0 0.0 0.0 0.0 0.0 0.0 0.0 0.0 0.0 0.0 0.0 0 0 0 0 0 0.0 0.0 0.0 1.0 3060.0 2280.0 0.000031 -1
}
scene {
	Unified 90279 0 0 0 91324 -1 -1 -1 -1 -1 -1 80730 -1 -1 137975 -1 160591 -1 50549 -1 -1 -1 0 -1 0 0 0 0.0 0.0 0.0 0.0 0.0 0.0 0.0 0.0 0.0 0.0 0.0 0.0 0 0 0 0 0 0.0 0.0 0.0 1.0 2340.0 2760.0 27.0 -1
}
scene {
	Unified 90281 0 0 0 91324 -1 -1 -1 -1 -1 -1 -1 -1 -1 137975 -1 160591 -1 50549 -1 -1 -1 0 -1 0 0 0 0.0 0.0 0.0 0.0 0.0 0.0 0.0 0.0 0.0 0.0 0.0 0.0 0 0 0 0 0 0.0 0.0 0.0 1.0 2340.0 2520.0 27.0 -1
}
scene {
	Unified 90283 0 0 0 91324 -1 -1 -1 -1 -1 -1 -1 -1 -1 137975 -1 160591 -1 50549 -1 -1 -1 0 24 0 0 0 0.0 0.0 0.0 0.0 0.0 0.0 0.0 0.0 0.0 0.0 0.0 0.0 0 0 0 0 0 0.0 0.0 0.0 1.0 2340.0 2280.0 27.0 -1
	subs {
		Unified 103249 0 0 0 91324 -1 -1 -1 -1 -1 -1 -1 -1 -1 137975 -1 160591 -1 50549 -1 -1 -1 0 24 0 0 0 0.0 0.0 0.0 0.0 0.0 0.0 0.0 0.0 0.0 0.0 0.0 0.0 0 0 0 0 0 0.0 0.0 0.0 1.0 2345.0 2400.0 27.0 -1
	}
}
scene {
	Unified 90277 0 0 0 91324 -1 -1 -1 -1 -1 -1 -1 -1 -1 -1 -1 -1 -1 50549 -1 -1 -1 0 -1 0 0 0 0.0 0.0 0.0 0.0 0.0 0.0 0.0 0.0 0.0 0.0 0.0 0.0 0 0 0 0 0 0.0 0.0 0.0 1.0 2340.0 3000.0 27.0 -1
}
scene {
	Unified 90299 0 0 0 91324 -1 -1 -1 -1 -1 -1 -1 -1 -1 137975 -1 160591 -1 50549 -1 -1 -1 0 24 0 0 0 0.0 0.0 0.0 0.0 0.0 0.0 0.0 0.0 0.0 0.0 0.0 0.0 0 0 0 0 0 0.0 0.0 0.0 1.0 2100.0 2280.0 27.0 -1
	subs {
		Unified 157059 0 0 0 91324 -1 -1 -1 -1 -1 -1 -1 -1 -1 137975 -1 160591 -1 50549 -1 -1 -1 0 24 0 0 0 0.0 0.0 0.0 0.0 0.0 0.0 0.0 0.0 0.0 0.0 0.0 0.0 0 0 0 0 0 0.0 0.0 0.0 1.0 2115.0 2430.0 27.0 -1
	}
}
scene {
	Unified 90200 0 0 0 91324 91133 -1 -1 -1 -1 -1 -1 -1 -1 137975 -1 160276 -1 50549 -1 -1 -1 0 24 0 0 0 0.0 0.0 0.0 0.0 0.0 0.0 0.0 0.0 0.0 0.0 0.0 0.0 0 0 0 0 0 0.0 0.0 0.0 1.0 2100.0 2520.0 27.0 -1
	subs {
		Unified 158340 0 0 0 91324 91133 -1 -1 -1 -1 -1 -1 -1 -1 137975 -1 160276 -1 50549 -1 -1 -1 0 24 0 0 0 0.0 0.0 0.0 0.0 0.0 0.0 0.0 0.0 0.0 0.0 0.0 0.0 0 0 0 0 0 0.0 0.0 0.0 1.0 2220.0 2620.0 27.0 -1
	}
}
scene {
	Unified 90202 0 0 0 91324 91133 -1 -1 -1 -1 -1 -1 -1 -1 137975 -1 160276 -1 50549 -1 -1 -1 0 -1 0 0 0 0.0 0.0 0.0 0.0 0.0 0.0 0.0 0.0 0.0 0.0 0.0 0.0 0 0 0 0 0 0.0 0.0 0.0 1.0 2100.0 2760.0 27.0 -1
}
scene {
	Unified 90285 0 0 0 91324 -1 -1 -1 -1 -1 -1 -1 -1 -1 -1 -1 -1 -1 50549 -1 -1 -1 0 -1 0 0 0 0.0 0.0 0.0 0.0 0.0 0.0 0.0 0.0 0.0 0.0 0.0 0.0 0 0 0 0 0 0.0 0.0 0.0 1.0 2100.0 3000.0 27.0 -1
}
scene {
	Unified 90289 0 0 0 91324 -1 -1 -1 -1 -1 -1 106746 2 -1 137975 -1 160591 -1 50549 -1 -1 -1 0 -1 0 0 0 0.0 0.0 0.0 0.0 0.0 0.0 0.0 0.0 0.0 0.0 0.0 0.0 0 0 0 0 0 0.0 0.0 0.0 1.0 1860.0 2280.0 27.0 -1
}
scene {
	Unified 90198 0 0 0 101351 91133 -1 -1 -1 -1 -1 107050 -1 -1 137975 -1 160276 -1 50549 -1 -1 -1 0 -1 0 0 0 0.0 0.0 0.0 0.0 0.0 0.0 0.0 0.0 0.0 0.0 0.0 0.0 0 0 0 0 0 0.0 0.0 0.0 1.0 1860.0 2520.0 27.0 -1
}
scene {
	Unified 90196 0 0 0 101351 91133 -1 -1 -1 -1 -1 -1 -1 -1 137975 -1 160276 -1 50549 -1 -1 -1 0 -1 0 0 0 0.0 0.0 0.0 0.0 0.0 0.0 0.0 0.0 0.0 0.0 0.0 0.0 0 0 0 0 0 0.0 0.0 0.0 1.0 1860.0 2760.0 27.0 -1
}
scene {
	Unified 90287 0 0 0 91324 -1 -1 -1 -1 -1 -1 -1 -1 -1 137975 -1 -1 -1 50549 -1 -1 -1 0 -1 0 0 0 0.0 0.0 0.0 0.0 0.0 0.0 0.0 0.0 0.0 0.0 0.0 0.0 0 0 0 0 0 0.0 0.0 0.0 1.0 1860.0 3000.0 27.0 -1
}
scene {
	Unified 90297 0 0 0 91324 -1 -1 -1 -1 -1 -1 -1 -1 -1 137975 -1 -1 -1 50549 -1 -1 -1 0 -1 0 0 0 0.0 0.0 0.0 0.0 0.0 0.0 0.0 0.0 0.0 0.0 0.0 0.0 0 0 0 0 0 0.0 0.0 0.0 1.0 1620.0 2280.0 27.0 -1
}
scene {
	Unified 90295 0 0 0 101351 -1 -1 -1 -1 -1 -1 -1 -1 -1 137975 -1 160591 -1 50549 -1 -1 -1 0 -1 0 0 0 0.0 0.0 0.0 0.0 0.0 0.0 0.0 0.0 0.0 0.0 0.0 0.0 0 0 0 0 0 0.0 0.0 0.0 1.0 1620.0 2520.0 27.0 -1
}
scene {
	Unified 90293 0 0 0 101351 19929 -1 -1 -1 -1 -1 -1 -1 -1 137975 -1 160591 -1 50549 -1 -1 -1 0 -1 0 0 0 0.0 0.0 0.0 0.0 0.0 0.0 0.0 0.0 0.0 0.0 0.0 0.0 0 0 0 0 0 0.0 0.0 0.0 1.0 1620.0 2760.0 27.0 -1
}
scene {
	Unified 90291 0 0 0 91324 -1 -1 -1 -1 -1 -1 -1 -1 -1 137975 -1 -1 -1 50549 -1 -1 -1 0 -1 0 0 0 0.0 0.0 0.0 0.0 0.0 0.0 0.0 0.0 0.0 0.0 0.0 0.0 0 0 0 0 0 0.0 0.0 0.0 1.0 1620.0 3000.0 27.0 -1
}
scene {
	Unified 93996 0 0 0 91324 -1 -1 -1 -1 -1 -1 -1 -1 -1 137975 -1 -1 -1 50549 -1 -1 -1 0 -1 0 0 0 0.0 0.0 0.0 0.0 0.0 0.0 0.0 0.0 0.0 0.0 0.0 0.0 0 0 0 0 0 0.0 0.0 0.0 1.0 1380.0 2280.0 27.0 -1
}
scene {
	Unified 93994 0 0 0 19933 -1 -1 -1 -1 -1 -1 -1 -1 -1 137975 -1 160934 -1 50549 -1 -1 -1 0 -1 0 0 0 0.0 0.0 0.0 0.0 0.0 0.0 0.0 0.0 0.0 0.0 0.0 0.0 0 0 0 0 0 0.0 0.0 0.0 1.0 1380.0 2520.0 27.0 -1
}
scene {
	Unified 93992 0 0 0 19938 19933 -1 -1 -1 -1 -1 -1 -1 -1 137975 -1 160934 -1 -1 -1 -1 -1 0 -1 0 0 0 0.0 0.0 0.0 0.0 0.0 0.0 0.0 0.0 0.0 0.0 0.0 0.0 0 0 0 0 0 0.0 0.0 0.0 1.0 1380.0 2760.0 27.0 -1
}
scene {
	Unified 93990 0 0 0 -1 -1 -1 -1 -1 -1 -1 -1 -1 -1 -1 -1 -1 -1 50549 -1 -1 -1 0 -1 0 0 0 0.0 0.0 0.0 0.0 0.0 0.0 0.0 0.0 0.0 0.0 0.0 0.0 0 0 0 0 0 0.0 0.0 0.0 1.0 1380.0 3000.0 27.0 -1
}
scene {
	Unified 94002 0 0 0 91324 -1 -1 -1 -1 -1 -1 -1 -1 -1 137975 -1 -1 -1 50549 -1 -1 -1 0 -1 0 0 0 0.0 0.0 0.0 0.0 0.0 0.0 0.0 0.0 0.0 0.0 0.0 0.0 0 0 0 0 0 0.0 0.0 0.0 1.0 1140.0 2280.0 27.0 -1
}
scene {
	Unified 94000 0 0 0 91324 -1 -1 -1 -1 -1 -1 -1 -1 -1 137975 -1 -1 -1 50549 -1 -1 -1 0 -1 0 0 0 0.0 0.0 0.0 0.0 0.0 0.0 0.0 0.0 0.0 0.0 0.0 0.0 0 0 0 0 0 0.0 0.0 0.0 1.0 1140.0 2520.0 27.0 -1
}
scene {
	Unified 33357 0 0 0 -1 -1 -1 -1 -1 -1 -1 -1 -1 -1 -1 -1 -1 -1 -1 -1 -1 -1 0 -1 0 0 0 0.0 0.0 0.0 0.0 0.0 0.0 0.0 0.0 0.0 0.0 0.0 0.0 0 0 0 0 0 0.0 0.0 0.0 1.0 3060.0 3000.0 0.000061 -1
}
scene {
	Unified 93998 0 0 0 19938 19933 -1 -1 -1 -1 -1 -1 -1 -1 137975 -1 160934 -1 50549 -1 -1 -1 0 -1 0 0 0 0.0 0.0 0.0 0.0 0.0 0.0 0.0 0.0 0.0 0.0 0.0 0.0 0 0 0 0 0 0.0 0.0 0.0 1.0 1140.0 2760.0 27.0 -1
}
scene {
	Unified 59093 0 0 0 19952 179835 -1 -1 -1 -1 -1 -1 -1 -1 141670 -1 161928 -1 50551 -1 -1 -1 0 1 0 0 0 0.0 0.0 0.0 0.0 0.0 0.0 0.0 0.0 0.0 0.0 0.0 0.0 0 0 0 0 0 0.0 0.0 0.0 1.0 1920.0 720.0 0.000122 -1
	subs {
		Unified 33448 0 0 0 19952 179835 -1 -1 -1 -1 -1 -1 -1 -1 141670 -1 161928 -1 50551 -1 -1 -1 0 1 0 0 0 0.0 0.0 0.0 0.0 0.0 0.0 0.0 0.0 0.0 0.0 0.0 0.0 0 0 0 0 0 0.0 0.0 0.0 1.0 2000.0 860.0 0.000122 -1
	}
}
scene {
	Unified 59102 0 0 0 19952 179835 -1 -1 -1 -1 -1 -1 -1 -1 141670 -1 161928 -1 50551 -1 -1 -1 0 1 0 0 0 0.0 0.0 0.0 0.0 0.0 0.0 0.0 0.0 0.0 0.0 0.0 0.0 0 0 0 0 0 0.0 0.0 0.0 1.0 1920.0 480.0 0.0 -1
	subs {
		Unified 118195 0 0 0 19952 179835 -1 -1 -1 -1 -1 -1 -1 -1 141670 -1 161928 -1 50551 -1 -1 -1 0 1 0 0 0 0.0 0.0 0.0 0.0 0.0 0.0 0.0 0.0 0.0 0.0 0.0 0.0 0 0 0 0 0 0.0 0.0 0.0 1.0 2060.0 560.0 0.0 -1
	}
}
scene {
	Unified 33480 0 0 0 19952 -1 -1 -1 -1 -1 -1 -1 -1 -1 141670 -1 161928 -1 50551 -1 -1 -1 0 -1 0 0 0 0.0 0.0 0.0 0.0 0.0 0.0 0.0 0.0 0.0 0.0 0.0 0.0 0 0 0 0 0 0.0 0.0 0.0 1.0 1920.0 240.0 0.0 -1
}
scene {
	Unified 33479 0 0 0 19952 -1 -1 -1 -1 -1 -1 -1 -1 -1 141670 -1 161928 -1 50551 -1 -1 -1 0 -1 0 0 0 0.0 0.0 0.0 0.0 0.0 0.0 0.0 0.0 0.0 0.0 0.0 0.0 0 0 0 0 0 0.0 0.0 0.0 1.0 2160.0 240.0 -0.000061 -1
}
scene {
	Unified 33481 0 0 0 19952 -1 -1 -1 -1 -1 -1 -1 -1 -1 141670 -1 161928 -1 50551 -1 -1 -1 0 -1 0 0 0 0.0 0.0 0.0 0.0 0.0 0.0 0.0 0.0 0.0 0.0 0.0 0.0 0 0 0 0 0 0.0 0.0 0.0 1.0 2160.0 1200.0 0.0 -1
}
scene {
	Unified 51262 0 0 0 19952 -1 -1 -1 -1 -1 -1 -1 -1 -1 141670 -1 161928 -1 50551 -1 -1 -1 0 -1 0 0 0 0.0 0.0 0.0 0.0 0.0 0.0 0.0 0.0 0.0 0.0 0.0 0.0 0 0 0 0 0 0.0 0.0 0.0 1.0 1920.0 1200.0 0.0 -1
}
scene {
	Unified 74463 0 0 0 -1 -1 -1 -1 -1 -1 -1 -1 -1 -1 -1 -1 -1 -1 -1 -1 -1 -1 0 -1 0 0 0 0.0 0.0 0.0 0.0 0.0 0.0 0.0 0.0 0.0 0.0 0.0 0.0 0 0 0 0 0 0.0 0.0 0.0 1.0 1980.0 2040.0 0.0 -1
}
scene {
	Unified 74463 0 0 0 -1 -1 -1 -1 -1 -1 -1 -1 -1 -1 -1 -1 -1 -1 -1 -1 -1 -1 0 -1 0 0 0 0.0 0.0 0.0 0.0 0.0 0.0 0.0 0.0 0.0 0.0 0.0 0.0 0 0 0 0 0 0.0 0.0 0.0 1.0 1860.0 2040.0 0.0 -1
}
scene {
	Unified 74463 0 0 0 -1 -1 -1 -1 -1 -1 -1 -1 -1 -1 -1 -1 -1 -1 -1 -1 -1 -1 0 -1 0 0 0 0.0 0.0 0.0 0.0 0.0 0.0 0.0 0.0 0.0 0.0 0.0 0.0 0 0 0 0 0 0.0 0.0 0.0 1.0 1860.0 1920.0 0.0 -1
}
scene {
	Unified 74463 0 0 0 -1 -1 -1 -1 -1 -1 -1 -1 -1 -1 -1 -1 -1 -1 -1 -1 -1 -1 0 -1 0 0 0 0.0 0.0 0.0 0.0 0.0 0.0 0.0 0.0 0.0 0.0 0.0 0.0 0 0 0 0 0 0.0 0.0 0.0 1.0 1860.0 1800.0 0.0 -1
}
scene {
	Unified 74463 0 0 0 -1 -1 -1 -1 -1 -1 -1 -1 -1 -1 -1 -1 -1 -1 -1 -1 -1 -1 0 -1 0 0 0 0.0 0.0 0.0 0.0 0.0 0.0 0.0 0.0 0.0 0.0 0.0 0.0 0 0 0 0 0 0.0 0.0 0.0 1.0 1860.0 1680.0 0.0 -1
}
scene {
	Unified 74463 0 0 0 -1 -1 -1 -1 -1 -1 -1 -1 -1 -1 -1 -1 -1 -1 -1 -1 -1 -1 0 -1 0 0 0 0.0 0.0 0.0 0.0 0.0 0.0 0.0 0.0 0.0 0.0 0.0 0.0 0 0 0 0 0 0.0 0.0 0.0 1.0 1800.0 1560.0 0.0 -1
}
scene {
	Unified 123079 0 0 0 19954 -1 -1 -1 -1 -1 -1 -1 -1 -1 141670 -1 161928 -1 63337 -1 -1 -1 0 -1 0 0 0 0.0 0.0 0.0 0.0 0.0 0.0 0.0 0.0 0.0 0.0 0.0 0.0 0 0 0 0 0 0.0 0.0 0.0 1.0 2400.0 1440.0 0.000031 -1
}
scene {
	Unified 75283 0 0 0 19954 -1 -1 -1 -1 -1 -1 -1 -1 -1 141670 -1 162552 -1 63337 -1 -1 -1 0 -1 0 0 0 0.0 0.0 0.0 0.0 0.0 0.0 0.0 0.0 0.0 0.0 0.0 0.0 0 0 0 0 0 0.0 0.0 0.0 1.0 2220.0 2040.0 0.0 -1
}
scene {
	Unified 74356 0 0 0 19954 -1 -1 -1 -1 -1 -1 -1 -1 -1 141670 -1 162552 -1 63337 -1 -1 -1 0 -1 0 0 0 0.0 0.0 0.0 0.0 0.0 0.0 0.0 0.0 0.0 0.0 0.0 0.0 0 0 0 0 0 0.0 0.0 0.0 1.0 2100.0 2040.0 0.0 -1
}
scene {
	Unified 80942 0 0 0 -1 -1 -1 -1 -1 -1 -1 -1 -1 -1 -1 -1 -1 -1 -1 -1 -1 -1 0 -1 0 0 0 0.0 0.0 0.0 0.0 0.0 0.0 0.0 0.0 0.0 0.0 0.0 0.0 0 0 0 0 0 0.0 0.0 0.0 1.0 0.0 360.0 20.0 -1
}
scene {
	Unified 79023 0 0 0 19940 -1 -1 -1 -1 -1 -1 -1 -1 -1 144268 -1 167050 -1 50545 -1 -1 -1 0 18 0 0 0 0.0 0.0 0.0 0.0 0.0 0.0 0.0 0.0 0.0 0.0 0.0 0.0 0 0 0 0 0 0.0 0.0 0.0 1.0 1980.0 4080.0 0.0 -1
	subs {
		Unified 76193 0 0 0 19940 -1 -1 -1 -1 -1 -1 -1 -1 -1 144268 -1 167050 -1 50545 -1 -1 -1 0 18 0 0 0 0.0 0.0 0.0 0.0 0.0 0.0 0.0 0.0 0.0 0.0 0.0 0.0 0 0 0 0 0 0.0 0.0 0.0 1.0 1980.0 4080.0 0.000015 -1
	}
}
scene {
	Unified 79023 0 0 0 19940 -1 -1 -1 -1 -1 -1 -1 -1 -1 144268 -1 167050 -1 50545 -1 -1 -1 0 16 0 0 0 0.0 0.0 0.0 0.0 0.0 0.0 0.0 0.0 0.0 0.0 0.0 0.0 0 0 0 0 0 0.0 0.0 0.0 1.0 2220.0 4200.0 0.0 -1
	subs {
		Unified 83453 0 0 0 19940 -1 -1 -1 -1 -1 -1 -1 -1 -1 144268 -1 167050 -1 50545 -1 -1 -1 0 16 0 0 0 0.0 0.0 0.0 0.0 0.0 0.0 0.0 0.0 0.0 0.0 0.0 0.0 0 0 0 0 0 0.0 0.0 0.0 1.0 2220.0 4200.0 0.000015 -1
	}
}
scene {
	Unified 76186 0 0 0 19940 134920 -1 -1 -1 -1 -1 -1 -1 -1 144268 -1 167050 -1 50545 -1 -1 -1 0 4 0 0 0 0.0 0.0 0.0 0.0 0.0 0.0 0.0 0.0 0.0 0.0 0.0 0.0 0 0 0 0 0 0.0 0.0 0.0 1.0 1980.0 3960.0 0.0 -1
	subs {
		Unified 123952 0 0 0 19940 134920 -1 -1 -1 -1 -1 -1 -1 -1 144268 -1 167050 -1 50545 -1 -1 -1 0 4 0 0 0 0.0 0.0 0.0 0.0 0.0 0.0 0.0 0.0 0.0 0.0 0.0 0.0 0 0 0 0 0 0.0 0.0 0.0 1.0 2000.0 3980.0 0.000015 -1
	}
}
scene {
	Unified 79023 0 0 0 19940 -1 -1 -1 -1 -1 -1 -1 -1 -1 144268 -1 167050 -1 50545 -1 -1 -1 0 17 0 0 0 0.0 0.0 0.0 0.0 0.0 0.0 0.0 0.0 0.0 0.0 0.0 0.0 0 0 0 0 0 0.0 0.0 0.0 1.0 2220.0 4080.0 0.0 -1
	subs {
		Unified 76179 0 0 0 19940 -1 -1 -1 -1 -1 -1 -1 -1 -1 144268 -1 167050 -1 50545 -1 -1 -1 0 17 0 0 0 0.0 0.0 0.0 0.0 0.0 0.0 0.0 0.0 0.0 0.0 0.0 0.0 0 0 0 0 0 0.0 0.0 0.0 1.0 2220.0 4080.0 0.000015 -1
	}
}
scene {
	Unified 79023 0 0 0 19940 -1 -1 -1 -1 -1 -1 -1 -1 -1 144268 -1 167050 -1 50545 -1 -1 -1 0 21 0 0 0 0.0 0.0 0.0 0.0 0.0 0.0 0.0 0.0 0.0 0.0 0.0 0.0 0 0 0 0 0 0.0 0.0 0.0 1.0 2220.0 4320.0 0.0 -1
	subs {
		Unified 76214 0 0 0 19940 -1 -1 -1 -1 -1 -1 -1 -1 -1 144268 -1 167050 -1 50545 -1 -1 -1 0 21 0 0 0 0.0 0.0 0.0 0.0 0.0 0.0 0.0 0.0 0.0 0.0 0.0 0.0 0 0 0 0 0 0.0 0.0 0.0 1.0 2220.0 4320.0 0.000015 -1
	}
}
scene {
	Unified 76186 0 0 0 19941 134920 -1 -1 -1 -1 -1 -1 -1 -1 144268 -1 167050 -1 50545 -1 -1 -1 0 5 0 0 0 0.0 0.0 0.0 0.0 0.0 0.0 0.0 0.0 0.0 0.0 0.0 0.0 0 0 0 0 0 0.0 0.0 0.0 1.0 1620.0 3840.0 40.000061 -1
	subs {
		Unified 81757 0 0 0 19941 134920 -1 -1 -1 -1 -1 -1 -1 -1 144268 -1 167050 -1 50545 -1 -1 -1 0 5 0 0 0 0.0 0.0 0.0 0.0 0.0 0.0 0.0 0.0 0.0 0.0 0.0 0.0 0 0 0 0 0 0.0 0.0 0.0 1.0 1640.0 3860.0 40.000076 -1
	}
}
scene {
	Unified 76186 0 0 0 1199 134920 -1 -1 -1 -1 -1 -1 -1 -1 144268 -1 167050 -1 50545 -1 -1 -1 0 27 0 0 0 0.0 0.0 0.0 0.0 0.0 0.0 0.0 0.0 0.0 0.0 0.0 0.0 0 0 0 0 0 0.0 0.0 0.0 1.0 1140.0 3720.0 80.0 -1
	subs {
		Unified 160601 0 0 0 1199 134920 -1 -1 -1 -1 -1 -1 -1 -1 144268 -1 167050 -1 50545 -1 -1 -1 0 27 0 0 0 0.0 0.0 0.0 0.0 0.0 0.0 0.0 0.0 0.0 0.0 0.0 0.0 0 0 0 0 0 0.0 0.0 0.0 1.0 1160.0 3740.0 80.000015 -1
	}
}
scene {
	Unified 74861 0 0 0 19940 -1 -1 -1 -1 -1 -1 -1 -1 -1 144268 -1 167050 -1 50545 -1 -1 -1 0 -1 0 0 0 0.0 0.0 0.0 0.0 0.0 0.0 0.0 0.0 0.0 0.0 0.0 0.0 0 0 0 0 0 0.0 0.0 0.0 1.0 2220.0 4560.0 0.0 -1
}
scene {
	Unified 62716 0 0 0 19940 -1 -1 -1 -1 -1 -1 -1 -1 -1 144268 -1 167050 -1 50545 -1 -1 -1 0 14 0 0 0 0.0 0.0 0.0 0.0 0.0 0.0 0.0 0.0 0.0 0.0 0.0 0.0 0 0 0 0 0 0.0 0.0 0.0 1.0 2220.0 3720.0 0.0 -1
	subs {
		Unified 78715 0 0 0 19940 -1 -1 -1 -1 -1 -1 -1 -1 -1 144268 -1 167050 -1 50545 -1 -1 -1 0 14 0 0 0 0.0 0.0 0.0 0.0 0.0 0.0 0.0 0.0 0.0 0.0 0.0 0.0 0 0 0 0 0 0.0 0.0 0.0 1.0 2220.0 3720.0 0.0 -1
	}
}
scene {
	Unified 76186 0 0 0 19940 134920 -1 -1 -1 -1 -1 -1 -1 -1 144268 -1 167050 -1 50545 -1 -1 -1 0 4 0 0 0 0.0 0.0 0.0 0.0 0.0 0.0 0.0 0.0 0.0 0.0 0.0 0.0 0 0 0 0 0 0.0 0.0 0.0 1.0 2340.0 3960.0 0.0 -1
	subs {
		Unified 33461 0 0 0 19940 134920 -1 -1 -1 -1 -1 -1 -1 -1 144268 -1 167050 -1 50545 -1 -1 -1 0 4 0 0 0 0.0 0.0 0.0 0.0 0.0 0.0 0.0 0.0 0.0 0.0 0.0 0.0 0 0 0 0 0 0.0 0.0 0.0 1.0 2360.0 3980.0 0.000015 -1
	}
}
scene {
	Unified 76186 0 0 0 19940 134920 -1 -1 -1 -1 -1 -1 -1 -1 144268 -1 167050 -1 50545 -1 -1 -1 0 4 0 0 0 0.0 0.0 0.0 0.0 0.0 0.0 0.0 0.0 0.0 0.0 0.0 0.0 0 0 0 0 0 0.0 0.0 0.0 1.0 2340.0 4080.0 0.0 -1
	subs {
		Unified 33461 0 0 0 19940 134920 -1 -1 -1 -1 -1 -1 -1 -1 144268 -1 167050 -1 50545 -1 -1 -1 0 4 0 0 0 0.0 0.0 0.0 0.0 0.0 0.0 0.0 0.0 0.0 0.0 0.0 0.0 0 0 0 0 0 0.0 0.0 0.0 1.0 2360.0 4100.0 0.000015 -1
	}
}
scene {
	Unified 60236 0 0 0 19941 134920 -1 -1 -1 -1 -1 -1 -1 -1 144268 -1 167050 -1 50545 -1 -1 -1 0 5 0 0 0 0.0 0.0 0.0 0.0 0.0 0.0 0.0 0.0 0.0 0.0 0.0 0.0 0 0 0 0 0 0.0 0.0 0.0 1.0 1500.0 4080.0 40.0 -1
	subs {
		Unified 33461 0 0 0 19941 134920 -1 -1 -1 -1 -1 -1 -1 -1 144268 -1 167050 -1 50545 -1 -1 -1 0 5 0 0 0 0.0 0.0 0.0 0.0 0.0 0.0 0.0 0.0 0.0 0.0 0.0 0.0 0 0 0 0 0 0.0 0.0 0.0 1.0 1650.0 4090.0 40.000061 -1
	}
}
scene {
	Unified 76186 0 0 0 19941 134920 -1 -1 -1 -1 -1 -1 -1 -1 144268 -1 167050 -1 50545 -1 -1 -1 0 5 0 0 0 0.0 0.0 0.0 0.0 0.0 0.0 0.0 0.0 0.0 0.0 0.0 0.0 0 0 0 0 0 0.0 0.0 0.0 1.0 1500.0 3840.0 40.0 -1
	subs {
		Unified 33461 0 0 0 19941 134920 -1 -1 -1 -1 -1 -1 -1 -1 144268 -1 167050 -1 50545 -1 -1 -1 0 5 0 0 0 0.0 0.0 0.0 0.0 0.0 0.0 0.0 0.0 0.0 0.0 0.0 0.0 0 0 0 0 0 0.0 0.0 0.0 1.0 1520.0 3860.0 40.000015 -1
	}
}
scene {
	Unified 62716 0 0 0 19941 -1 -1 -1 -1 -1 -1 -1 -1 -1 144268 -1 167050 -1 50545 -1 -1 -1 0 14 0 0 0 0.0 0.0 0.0 0.0 0.0 0.0 0.0 0.0 0.0 0.0 0.0 0.0 0 0 0 0 0 0.0 0.0 0.0 1.0 1500.0 3600.0 40.0 -1
	subs {
		Unified 78704 0 0 0 19941 -1 -1 -1 -1 -1 -1 -1 -1 -1 144268 -1 167050 -1 50545 -1 -1 -1 0 14 0 0 0 0.0 0.0 0.0 0.0 0.0 0.0 0.0 0.0 0.0 0.0 0.0 0.0 0 0 0 0 0 0.0 0.0 0.0 1.0 1500.0 3600.0 40.0 -1
	}
}
scene {
	Unified 78667 0 0 0 1199 134920 -1 -1 -1 -1 -1 -1 -1 -1 144268 -1 167050 -1 50545 -1 -1 -1 0 27 0 0 0 0.0 0.0 0.0 0.0 0.0 0.0 0.0 0.0 0.0 0.0 0.0 0.0 0 0 0 0 0 0.0 0.0 0.0 1.0 780.0 3720.0 80.0 -1
	subs {
		Unified 132991 0 0 0 1199 134920 -1 -1 -1 -1 -1 -1 -1 -1 144268 -1 167050 -1 50545 -1 -1 -1 0 27 0 0 0 0.0 0.0 0.0 0.0 0.0 0.0 0.0 0.0 0.0 0.0 0.0 0.0 0 0 0 0 0 0.0 0.0 0.0 1.0 855.0 3790.0 90.0 -1
	}
}
scene {
	Unified 78631 0 0 0 1199 134920 -1 -1 -1 -1 -1 -1 -1 -1 144268 -1 167050 -1 50545 -1 -1 -1 0 27 0 0 0 0.0 0.0 0.0 0.0 0.0 0.0 0.0 0.0 0.0 0.0 0.0 0.0 0 0 0 0 0 0.0 0.0 0.0 1.0 1020.0 3960.0 80.0 -1
	subs {
		Unified 33461 0 0 0 1199 134920 -1 -1 -1 -1 -1 -1 -1 -1 144268 -1 167050 -1 50545 -1 -1 -1 0 27 0 0 0 0.0 0.0 0.0 0.0 0.0 0.0 0.0 0.0 0.0 0.0 0.0 0.0 0 0 0 0 0 0.0 0.0 0.0 1.0 1040.0 3970.0 80.0 -1
	}
}
scene {
	Unified 76186 0 0 0 19940 134920 -1 -1 -1 -1 -1 -1 -1 -1 144268 -1 167050 -1 50545 -1 -1 -1 0 4 0 0 0 0.0 0.0 0.0 0.0 0.0 0.0 0.0 0.0 0.0 0.0 0.0 0.0 0 0 0 0 0 0.0 0.0 0.0 1.0 2100.0 3960.0 0.0 -1
	subs {
		Unified 81894 0 0 0 19940 134920 -1 -1 -1 -1 -1 -1 -1 -1 144268 -1 167050 -1 50545 -1 -1 -1 0 4 0 0 0 0.0 0.0 0.0 0.0 0.0 0.0 0.0 0.0 0.0 0.0 0.0 0.0 0 0 0 0 0 0.0 0.0 0.0 1.0 2120.0 3980.0 0.000015 -1
	}
}
scene {
	Unified 79023 0 0 0 19941 -1 -1 -1 -1 -1 -1 -1 -1 -1 144268 -1 167050 -1 50545 -1 -1 -1 0 18 0 0 0 0.0 0.0 0.0 0.0 0.0 0.0 0.0 0.0 0.0 0.0 0.0 0.0 0 0 0 0 0 0.0 0.0 0.0 1.0 1500.0 3960.0 40.0 -1
	subs {
		Unified 83286 0 0 0 19941 -1 -1 -1 -1 -1 -1 -1 -1 -1 144268 -1 167050 -1 50545 -1 -1 -1 0 18 0 0 0 0.0 0.0 0.0 0.0 0.0 0.0 0.0 0.0 0.0 0.0 0.0 0.0 0 0 0 0 0 0.0 0.0 0.0 1.0 1500.0 3960.0 40.000015 -1
	}
}
scene {
	Unified 74865 0 0 0 19940 -1 -1 -1 -1 -1 -1 -1 -1 -1 144268 -1 167050 -1 50545 -1 -1 -1 0 -1 0 0 0 0.0 0.0 0.0 0.0 0.0 0.0 0.0 0.0 0.0 0.0 0.0 0.0 0 0 0 0 0 0.0 0.0 0.0 1.0 2100.0 4560.0 0.0 -1
}
scene {
	Unified 75346 0 0 0 19940 -1 -1 -1 -1 -1 -1 -1 -1 -1 144268 -1 167050 -1 50545 -1 -1 -1 0 -1 0 0 0 0.0 0.0 0.0 0.0 0.0 0.0 0.0 0.0 0.0 0.0 0.0 0.0 0 0 0 0 0 0.0 0.0 0.0 1.0 1980.0 4560.0 0.000031 -1
}
scene {
	Unified 78561 0 0 0 -1 -1 -1 -1 -1 -1 -1 -1 -1 -1 144268 -1 -1 -1 50545 -1 -1 -1 0 -1 0 0 0 0.0 0.0 0.0 0.0 0.0 0.0 0.0 0.0 0.0 0.0 0.0 0.0 0 0 0 0 0 0.0 0.0 0.0 1.0 2220.0 3480.0 0.0 -1
}
scene {
	Unified 78561 0 0 0 -1 -1 -1 -1 -1 -1 -1 -1 -1 -1 144268 -1 -1 -1 50545 -1 -1 -1 0 -1 0 0 0 0.0 0.0 0.0 0.0 0.0 0.0 0.0 0.0 0.0 0.0 0.0 0.0 0 0 0 0 0 0.0 0.0 0.0 1.0 1980.0 3480.0 0.0 -1
}
scene {
	Unified 130516 0 0 0 19941 -1 -1 -1 -1 -1 -1 -1 -1 -1 144268 -1 167050 -1 50545 -1 -1 -1 0 -1 0 0 0 0.0 0.0 0.0 0.0 0.0 0.0 0.0 0.0 0.0 0.0 0.0 0.0 0 0 0 0 0 0.0 0.0 0.0 1.0 1740.0 3720.0 0.0 -1
}
scene {
	Unified 130537 0 0 0 19940 -1 -1 -1 -1 -1 -1 -1 -1 -1 144268 -1 -1 -1 50545 -1 -1 -1 0 -1 0 0 0 0.0 0.0 0.0 0.0 0.0 0.0 0.0 0.0 0.0 0.0 0.0 0.0 0 0 0 0 0 0.0 0.0 0.0 1.0 1860.0 3720.0 0.0 -1
}
scene {
	Unified 130513 0 0 0 19940 -1 -1 -1 -1 -1 -1 -1 -1 -1 144268 -1 -1 -1 50545 -1 -1 -1 0 -1 0 0 0 0.0 0.0 0.0 0.0 0.0 0.0 0.0 0.0 0.0 0.0 0.0 0.0 0 0 0 0 0 0.0 0.0 0.0 1.0 1740.0 3600.0 0.0 -1
}
scene {
	Unified 130534 0 0 0 19940 -1 -1 -1 -1 -1 -1 -1 -1 -1 144268 -1 -1 -1 50545 -1 -1 -1 0 -1 0 0 0 0.0 0.0 0.0 0.0 0.0 0.0 0.0 0.0 0.0 0.0 0.0 0.0 0 0 0 0 0 0.0 0.0 0.0 1.0 1860.0 3600.0 0.0 -1
}
scene {
	Unified 130519 0 0 0 19941 19940 -1 -1 -1 -1 -1 -1 -1 -1 144268 -1 167050 -1 50545 -1 -1 -1 0 -1 0 0 0 0.0 0.0 0.0 0.0 0.0 0.0 0.0 0.0 0.0 0.0 0.0 0.0 0 0 0 0 0 0.0 0.0 0.0 1.0 1740.0 3840.0 0.0 -1
}
scene {
	Unified 130540 0 0 0 19940 19940 -1 -1 -1 -1 -1 -1 -1 -1 144268 -1 167050 -1 50545 -1 -1 -1 0 -1 0 0 0 0.0 0.0 0.0 0.0 0.0 0.0 0.0 0.0 0.0 0.0 0.0 0.0 0 0 0 0 0 0.0 0.0 0.0 1.0 1860.0 3840.0 0.0 -1
}
scene {
	Unified 130522 0 0 0 19941 19940 -1 -1 -1 -1 -1 -1 -1 -1 144268 -1 167050 -1 50545 -1 -1 -1 0 -1 0 0 0 0.0 0.0 0.0 0.0 0.0 0.0 0.0 0.0 0.0 0.0 0.0 0.0 0 0 0 0 0 0.0 0.0 0.0 1.0 1740.0 3960.0 0.0 -1
}
scene {
	Unified 130543 0 0 0 19940 19940 -1 -1 -1 -1 -1 -1 -1 -1 144268 -1 167050 -1 50545 -1 -1 -1 0 -1 0 0 0 0.0 0.0 0.0 0.0 0.0 0.0 0.0 0.0 0.0 0.0 0.0 0.0 0 0 0 0 0 0.0 0.0 0.0 1.0 1860.0 3960.0 0.0 -1
}
scene {
	Unified 130525 0 0 0 19941 19940 -1 -1 -1 -1 -1 -1 -1 -1 144268 -1 167050 -1 50545 -1 -1 -1 0 -1 0 0 0 0.0 0.0 0.0 0.0 0.0 0.0 0.0 0.0 0.0 0.0 0.0 0.0 0 0 0 0 0 0.0 0.0 0.0 1.0 1740.0 4080.0 0.0 -1
}
scene {
	Unified 130546 0 0 0 19940 19940 -1 -1 -1 -1 -1 -1 -1 -1 144268 -1 167050 -1 50545 -1 -1 -1 0 -1 0 0 0 0.0 0.0 0.0 0.0 0.0 0.0 0.0 0.0 0.0 0.0 0.0 0.0 0 0 0 0 0 0.0 0.0 0.0 1.0 1860.0 4080.0 0.0 -1
}
scene {
	Unified 130528 0 0 0 19941 -1 -1 -1 -1 -1 -1 -1 -1 -1 144268 -1 167050 -1 50545 -1 -1 -1 0 -1 0 0 0 0.0 0.0 0.0 0.0 0.0 0.0 0.0 0.0 0.0 0.0 0.0 0.0 0 0 0 0 0 0.0 0.0 0.0 1.0 1740.0 4200.0 0.0 -1
}
scene {
	Unified 130549 0 0 0 19940 -1 -1 -1 -1 -1 -1 -1 -1 -1 144268 -1 167050 -1 50545 -1 -1 -1 0 -1 0 0 0 0.0 0.0 0.0 0.0 0.0 0.0 0.0 0.0 0.0 0.0 0.0 0.0 0 0 0 0 0 0.0 0.0 0.0 1.0 1860.0 4200.0 0.0 -1
}
scene {
	Unified 130531 0 0 0 19940 -1 -1 -1 -1 -1 -1 -1 -1 -1 144268 -1 167050 -1 50545 -1 -1 -1 0 -1 0 0 0 0.0 0.0 0.0 0.0 0.0 0.0 0.0 0.0 0.0 0.0 0.0 0.0 0 0 0 0 0 0.0 0.0 0.0 1.0 1740.0 4320.0 0.0 -1
}
scene {
	Unified 130552 0 0 0 19940 -1 -1 -1 -1 -1 -1 -1 -1 -1 144268 -1 167050 -1 50545 -1 -1 -1 0 -1 0 0 0 0.0 0.0 0.0 0.0 0.0 0.0 0.0 0.0 0.0 0.0 0.0 0.0 0 0 0 0 0 0.0 0.0 0.0 1.0 1860.0 4320.0 0.0 -1
}
scene {
	Unified 78561 0 0 0 -1 -1 -1 -1 -1 -1 -1 -1 -1 -1 144268 -1 -1 -1 50545 -1 -1 -1 0 -1 0 0 0 0.0 0.0 0.0 0.0 0.0 0.0 0.0 0.0 0.0 0.0 0.0 0.0 0 0 0 0 0 0.0 0.0 0.0 1.0 1740.0 3360.0 40.0 -1
}
scene {
	Unified 78561 0 0 0 -1 -1 -1 -1 -1 -1 -1 -1 -1 -1 144268 -1 -1 -1 50545 -1 -1 -1 0 -1 0 0 0 0.0 0.0 0.0 0.0 0.0 0.0 0.0 0.0 0.0 0.0 0.0 0.0 0 0 0 0 0 0.0 0.0 0.0 1.0 1500.0 3360.0 40.0 -1
}
scene {
	Unified 74512 0 0 0 -1 1199 -1 -1 -1 -1 -1 -1 -1 -1 144269 -1 -1 -1 50545 -1 -1 -1 0 -1 0 0 0 0.0 0.0 0.0 0.0 0.0 0.0 0.0 0.0 0.0 0.0 0.0 0.0 0 0 0 0 0 0.0 0.0 0.0 1.0 1260.0 3480.0 0.0 -1
}
scene {
	Unified 74530 0 0 0 -1 -1 -1 -1 -1 -1 -1 -1 -1 -1 144269 -1 -1 -1 -1 -1 -1 -1 0 -1 0 0 0 0.0 0.0 0.0 0.0 0.0 0.0 0.0 0.0 0.0 0.0 0.0 0.0 0 0 0 0 0 0.0 0.0 0.0 1.0 1260.0 3240.0 -0.000061 -1
}
scene {
	Unified 75790 0 0 0 -1 -1 -1 -1 -1 -1 -1 -1 -1 -1 144268 -1 -1 -1 -1 -1 -1 -1 0 -1 0 0 0 0.0 0.0 0.0 0.0 0.0 0.0 0.0 0.0 0.0 0.0 0.0 0.0 0 0 0 0 0 0.0 0.0 0.0 1.0 2580.0 4440.0 0.0 -1
}
scene {
	Unified 74463 0 0 0 -1 -1 -1 -1 -1 -1 -1 -1 -1 -1 -1 -1 -1 -1 -1 -1 -1 -1 0 -1 0 0 0 0.0 0.0 0.0 0.0 0.0 0.0 0.0 0.0 0.0 0.0 0.0 0.0 0 0 0 0 0 0.0 0.0 0.0 1.0 2220.0 2160.0 0.0 -1
}
scene {
	Unified 75348 0 0 0 19940 134920 -1 -1 -1 -1 -1 -1 -1 -1 144268 -1 167050 -1 50545 -1 -1 -1 0 4 0 0 0 0.0 0.0 0.0 0.0 0.0 0.0 0.0 0.0 0.0 0.0 0.0 0.0 0 0 0 0 0 0.0 0.0 0.0 1.0 2100.0 4440.0 0.0 -1
	subs {
		Unified 81894 0 0 0 19940 134920 -1 -1 -1 -1 -1 -1 -1 -1 144268 -1 167050 -1 50545 -1 -1 -1 0 4 0 0 0 0.0 0.0 0.0 0.0 0.0 0.0 0.0 0.0 0.0 0.0 0.0 0.0 0 0 0 0 0 0.0 0.0 0.0 1.0 2120.0 4460.0 0.0 -1
	}
}
scene {
	Unified 75347 0 0 0 19940 134920 -1 -1 -1 -1 -1 -1 -1 -1 144268 -1 167050 -1 50545 -1 -1 -1 0 4 0 0 0 0.0 0.0 0.0 0.0 0.0 0.0 0.0 0.0 0.0 0.0 0.0 0.0 0 0 0 0 0 0.0 0.0 0.0 1.0 1980.0 4440.0 0.0 -1
	subs {
		Unified 81894 0 0 0 19940 134920 -1 -1 -1 -1 -1 -1 -1 -1 144268 -1 167050 -1 50545 -1 -1 -1 0 4 0 0 0 0.0 0.0 0.0 0.0 0.0 0.0 0.0 0.0 0.0 0.0 0.0 0.0 0 0 0 0 0 0.0 0.0 0.0 1.0 2000.0 4450.0 -0.000015 -1
	}
}
scene {
	Unified 177236 0 0 0 19940 -1 -1 -1 -1 0 -1 -1 0 -1 144268 -1 167050 -1 50545 -1 -1 -1 0 -1 0 0 0 0.0 0.0 0.0 0.0 0.0 0.0 0.0 0.0 0.0 0.0 0.0 0.0 0 0 0 0 0 0.0 0.0 0.0 1.0 2460.0 4200.0 0.0 -1
}
scene {
	Unified 199322 0 0 0 19954 -1 -1 -1 -1 -1 -1 -1 -1 -1 141670 -1 162552 -1 63337 -1 -1 -1 0 -1 0 0 0 0.0 0.0 0.0 0.0 0.0 0.0 0.0 0.0 0.0 0.0 0.0 0.0 0 0 0 0 0 0.0 0.0 0.0 1.0 2580.0 1680.0 0.0 -1
}
scene {
	Unified 199325 0 0 0 19954 -1 -1 -1 -1 -1 -1 -1 -1 -1 141670 -1 162552 -1 63337 -1 -1 -1 0 -1 0 0 0 0.0 0.0 0.0 0.0 0.0 0.0 0.0 0.0 0.0 0.0 0.0 0.0 0 0 0 0 0 0.0 0.0 0.0 1.0 2460.0 1680.0 0.0 -1
}
scene {
	Unified 199329 0 0 0 19952 -1 -1 -1 -1 -1 -1 -1 -1 -1 141670 -1 161928 -1 50551 -1 -1 -1 0 -1 0 0 0 0.0 0.0 0.0 0.0 0.0 0.0 0.0 0.0 0.0 0.0 0.0 0.0 0 0 0 0 0 0.0 0.0 0.0 1.0 1920.0 960.0 0.0 -1
}
scene {
	Unified 199377 0 0 0 19940 -1 -1 -1 -1 -1 -1 -1 -1 -1 144268 -1 167050 -1 50545 -1 -1 -1 0 -1 0 0 0 0.0 0.0 0.0 0.0 0.0 0.0 0.0 0.0 0.0 0.0 0.0 0.0 0 0 0 0 0 0.0 0.0 0.0 1.0 1740.0 4440.0 0.0 -1
}
scene {
	Unified 199380 0 0 0 19941 -1 -1 -1 -1 -1 -1 -1 -1 -1 144268 -1 167050 -1 50545 -1 -1 -1 0 -1 0 0 0 0.0 0.0 0.0 0.0 0.0 0.0 0.0 0.0 0.0 0.0 0.0 0.0 0 0 0 0 0 0.0 0.0 0.0 1.0 1260.0 4080.0 40.0 -1
}
scene {
	Unified 199507 0 0 0 19941 -1 -1 -1 -1 -1 -1 -1 -1 -1 144268 -1 167050 -1 50545 -1 -1 -1 0 -1 0 0 0 0.0 0.0 0.0 0.0 0.0 0.0 0.0 0.0 0.0 0.0 0.0 0.0 0 0 0 0 0 0.0 0.0 0.0 1.0 1620.0 3960.0 40.0 -1
}
scene {
	Unified 204126 0 0 0 19954 -1 -1 -1 -1 -1 -1 -1 -1 -1 141670 -1 162552 -1 63337 -1 -1 -1 0 -1 0 0 0 0.0 0.0 0.0 0.0 0.0 0.0 0.0 0.0 0.0 0.0 0.0 0.0 0 0 0 0 0 0.0 0.0 0.0 1.0 2340.0 2040.0 0.0 -1
}
*/
} // scenes
