v 1
# ENTER WORLD  1999568897 (sno:      109362) at   83.750000  123.750000    0.200002
s   83.750000  123.750000    0.200002
p 055  1999568897      109362
p 051   83.750000  123.750000    0.200002  1999568897      109362
p 052  1999568897           0           0           0      109457          -1          -1          -1       71150         223          -1       86856         172          -1      132856          -1      181898      137914       96361      109362           0           0           0          -1          63          96          96  120.000008  120.000008   26.615067  120.000008  120.000008   36.069679  120.000008  120.000008   26.615067  120.000008  120.000008   36.069679         615           0           0           0           1  2020868384      109359    0.000000    0.000000    0.000000    1.000000    0.000000    0.000000    0.000000          -1          -1
p 068  2020868384      109359    0.000000    0.000000    0.000000    1.000000    0.000000    0.000000    0.000000  1999568897           0
p 059           1 0 2047344802        5503           8           0    1.000000    0.000000    0.000000    0.134078    0.990971   82.151306  122.286743    0.100037  1999568897          -1      181898      137914       96361          -1          -1           1        5503           0           0           1           1           0
p 059           1 0 2047410354      109467           9           0    1.130000    0.000000    0.000000    0.628933    0.777460  107.703789   38.594913    0.504444  1999568897          -1          77   981663744           0          -1          -1           1      109467           0           0           1           1           0
p 059           1 0 2047869015       84538           8           0    1.400000    0.000000    0.000000   -0.387523    0.921860  103.811760   94.187836    0.099998  1999568897          -1          86  1098915840           0          -1          -1           1       84538           0           0           1           1           0
p 059           1 0 2047934546        4799           8           0    1.400000    0.000000    0.000000    0.700576    0.713578  104.136154   87.175575    0.100000  1999568897          -1          86  1083858944           0          -1          -1           1        4799           0           0           1           1           0
p 059           1 0 2048000078      204605           8           0    1.130000    0.000000    0.000000   -0.807391    0.590017  127.969086   73.383972    0.206945  1999568897          -1          86  1090715648           0          -1          -1           1      204605           0           0           1           1           0
p 059           1 0 2048065584      174023           8           0    1.130000    0.000000    0.000000    0.997088    0.076260  133.992065   77.745178    0.790137  1999568897      129386         560           1           0          -1          -1           1      174023           0           0           1           1           0
p 059           1 0 2048131249        5502           8           0    1.000000    0.000000    0.000000    0.637934    0.770091  122.500000   32.500000    0.111399  1999568897      129386         560           1           0          -1          -1           1        5502           0           0           1           1           0
p 059           1 0 2048196776      103772          24           0    1.000000    0.000000    0.000000    0.000000    1.000000  107.190170   74.939240    0.963551  1999568897      129386          77   981663744           0          -1          -1           1      103772           0           0           1           1           0
p 059           1 0 2048262311        4580           9           0    1.350000    0.000000    0.000000    0.000000    1.000000  108.020920   57.888901   -0.040117  1999568897       62731         560           1           1          -1          -1           1        4580           0           0           1           1           0
p 059           1 0 2048393381      174213           8           0    0.250000    0.000000    0.000000    0.000000    1.000000   94.932976   35.716171    0.099991  1999568897           0           0 -2091504072           0          -1          -1           1      174213           0           0           1           1           0
p 059           1 0 2048458909      178293          24           0    0.666482    0.000000    0.000034    0.000000    1.000000   72.401474  122.928406    0.099739  1999568897           0           0 -2091504072           0          -1          -1           1      178293           0           0           1           1           0
p 059           1 0 2048524438      178293          24           0    0.785202    0.000000    0.000000    0.704978    0.709230  122.739120   27.169275    0.099991  1999568897           0          81           0           0          -1          -1           1      178293           0           0           1           1           0
p 059           1 0 2048589973       84529           8           0    1.130000    0.000000    0.000000    0.999130    0.041694  143.000000   65.000000    0.100002  1999568897           0          81           0           0          -1          -1           1       84529           0           0           1           1           0
p 059           1 0 2048655508       84529           8           0    1.130000    0.000000    0.000000    0.998604   -0.052815  143.000000   70.000000    0.099991  1999568897           0         341           1           0          -1          -1           1       84529           0           0           1           1           0
p 059           1 0 2048721043       84529           8           0    1.130000    0.000000    0.000000    0.994862   -0.101243  141.000000   80.000000    0.099995  1999568897           0         341           1           0          -1          -1           1       84529           0           0           1           1           0
p 059           1 0 2048786635       84529           8           0    1.130000    0.000000    0.000000    0.991362   -0.131154  138.000015   92.000000    0.100002  1999568897           0         341           1           0          -1          -1           1       84529           0           0           1           1           0
p 059           1 0 2048852114       84529           8           0    1.130000    0.000000    0.000000    0.999552   -0.029939  138.000000   98.000000    0.099998  1999568897           0         341           1           0          -1          -1           1       84529           0           0           1           1           0
p 059           1 0 2048917649      204608           8           0    1.130000    0.000000    0.000000    0.988159   -0.153432  130.294037   65.138443    0.000008  1999568897           0         341           1           0          -1          -1           1      204608           0           0           1           1           0
p 059           1 0 2048983184      204607           8           0    1.130000    0.000000    0.000000   -0.592526    0.805552  134.296921   71.518272    0.000000  1999568897      129386         560           1           0          -1          -1           1      204607           0           0           1           1           0
p 059           1 0 2049048719      204606           8           0    1.130000    0.000000    0.000000    0.870370   -0.492399  135.510941   65.827446    0.000000  1999568897      129386         560           1           0          -1          -1           1      204606           0           0           1           1           0
p 059           1 0 2049114254      176755           8           0    1.000000    0.000000    0.000000    0.000000    1.000000  145.388245   86.973450   -0.000002  1999568897      129386         560           1           0          -1          -1           1      176755           0           0           1           1           0
p 059           1 0 2049179789      176767           8           0    1.000000    0.000000    0.000000    0.780547    0.625097  138.933517   88.972847    0.244415  1999568897      129386         560           1           0          -1          -1           1      176767           0           0           1           1           0
p 059           1 0 2049245324      176774           8           0    1.000000    0.000000    0.000000    0.000000    1.000000  132.002258   87.688171    0.000000  1999568897      129386         560           1           0          -1          -1           1      176774           0           0           1           1           0
p 059           0 1 2047737944        4439          26           1   -1.#QNAN0    0.000000   -1.#QNAN0   -1.#QNAN0   -1.#QNAN0    0.000000   -1.#QNAN0    0.000000          -1  2047410354          20           4           0           2 -1546488739          -1          -1           1           0           0           0           0
p 059           0 1 2047672490      196136          26           1    7.000000    0.000000   -1.#QNAN0    0.000000  200.000000    0.000000   -1.#QNAN0    0.000000  1551997999  2047410354          20           3           0           2  -467363669          -1          -1           1           0           0           0           0
p 059           0 1 2047606955      196131          26           1    1.000000    0.000000   -1.#QNAN0    0.000000 327779992207360.000000    0.000000   -1.#QNAN0    0.000000 -2147483648  2047410354          20           2           0           2 -1322720193          -1          -1           1           0           0           0           0
p 059           0 1 2047541420        4440          26           1 -6344165818368.000000    0.000000   -1.#QNAN0    0.000000   -0.000000    0.000000   -1.#QNAN0    0.000000           1  2047410354          20           1           0           2  1646417620          -1          -1           1           0           0           0           0
p 059           0 1 2047475885        5254          26           1  100.000000    0.000000   -1.#QNAN0    0.000000 -997473280.000000    0.000000   -1.#QNAN0    0.000000 -2147483648  2047410354          20           0           0           2 -1266506293          -1          -1           1           0           0           0           0
p 059           1 0 2049310945      203121           8           0    1.350000    0.000000    0.000000   -0.807391    0.590017  127.969086   73.383972    0.206945  1999568897          -1          -1           1        4580          -1      203121           1      203121           0           0           0           0           0
p 059           1 0 2049376334       99567           8           0    0.250000   -0.000951    0.003581    0.256552    0.966523  116.132797   67.908348    5.400006  1999568897           0          77           1     2844506          17       99567          -1          -1           0           0           0           0           0
p 059           1 0 2049442006      203121           8           0    1.350000    0.000000    0.000000    0.997088    0.076260  133.992065   77.745178    0.790137  1999568897           0          77           1     2844506          -1      203121           1      203121           0           0           0           0           0
p 059           1 0 2049507376       99574          26           0    1.000000    0.000000    0.000000    0.145354    0.989380  130.464523   74.083206    0.200002  1999568897           0          77  1084235776           0          17       99574          -1          -1           0           0           0           0           0
p 059           1 0 2049572942      203121           8           0    1.350000    0.000000    0.000000    0.870370   -0.492399  135.510941   65.827446    0.000000  1999568897           0          77  1084235776           0          -1      203121           1      203121           0           0           0           0           0
p 059           1 0 2049638543      203121           8           0    1.350000    0.000000    0.000000    0.988159   -0.153432  130.294037   65.138443    0.000008  1999568897           0          77  1082007552           0          -1      203121           1      203121           0           0           0           0           0
p 059           1 0 2049704081       99567           8           0    0.250000   -0.000000    0.000000    0.213534    0.976936  116.301018   67.580963    5.400006  1999568897           0          77  1082949632           0          17       99567          -1          -1           0           0           0           0           0
p 059           1 0 2049769685        3901           8           0    1.200000   -0.010175    0.031492    0.307292    0.951039  108.020920   57.888901    6.034883  1999568897           0          77  1082949632           0          17        3901          -1          -1           0           0           0           0           0
p 059           1 0 2049835220      203121           8           0    1.350000    0.000000    0.000000   -0.592526    0.805552  134.296921   71.518272    0.000000  1999568897           0          77  1082949632           0          -1      203121           1      203121           0           0           0           0           0
p 059           1 0 2049900688       99574          26           0    1.000000    0.000000    0.000000    0.976934   -0.213539  129.286713   73.542488    0.200002  1999568897           0          77  1077993472           0          17       99574          -1          -1           0           0           0           0           0
p 059           1 0 2049966293       99567           8           0    0.250000   -0.000000    0.000000    0.127896    0.991788  116.544304   66.900658    5.400006  1999568897           0          77  1077993472           0          17       99567          -1          -1           0           0           0           0           0
p 059           1 0 2050031664       99574          26           0    1.000000    0.000000    0.000000    0.993519   -0.113666  133.034409   71.225555    0.200002  1999568897           0          77           1 -2101457411          17       99574          -1          -1           0           0           0           0           0
p 059           1 0 2050097364        3901           8           0    1.200000   -0.004236    0.054292    0.077671    0.995491  108.020920   57.888901    6.034883  1999568897           0          77           1 -2101457411          17        3901          -1          -1           0           0           0           0           0
p 059           1 0 2050162900        6435           8           0    1.000000   -0.029222    0.077856    0.350175    0.932985  115.435844   68.316658    6.242751  1999568897           0          77           1 -2101457411          17        6435          -1          -1           0           0           0           0           0
p 059           1 0 2050228368        6434          10           0    1.000000    0.000000    0.000000    0.000000    1.000000  124.015671   75.816269    4.237261  1999568897           0          77           1 -2101457411          17        6434          -1          -1           0           0           0           0           0
p 059           1 0 2050293808        6435           8           0    1.000000   -0.005657    0.074332    0.075673    0.994342  116.306404   66.368393    6.242751  1999568897           0          77           1 -2101457411          17        6435          -1          -1           0           0           0           0           0
p 059           1 0 2050359508        3901           8           0    1.200000   -0.005001    0.064102    0.077626    0.994907  108.020920   57.888901    6.034883  1999568897           0          77           1 -2101457411          17        3901          -1          -1           0           0           0           0           0
p 059           1 0 2050425044        6434          10           0    1.000000    0.000000    0.000000    0.000000    1.000000  128.294525   68.205795    4.443742  1999568897           0          77           1 -2101457411          17        6434          -1          -1           0           0           0           0           0
p 059           1 0 2050490512        6435           8           0    1.000000    0.035430    0.341351   -0.096970    0.934249  124.788467   68.710312    6.242743  1999568897           0          77           1 -2101457411          17        6435          -1          -1           0           0           0           0           0
p 059           1 0 2050555952        3901           8           0    1.200000   -0.003855    0.071509    0.053698    0.995986  108.020920   57.888901    6.034883  1999568897           0          77           1 -2101457411          17        3901          -1          -1           0           0           0           0           0
p 059           1 0 2050687201        6434          10           0    1.000000    0.000000    0.000000    0.000000    1.000000  128.031189   68.029831    2.696977  1999568897           0          77           1 -2101457411          17        6434          -1          -1           0           0           0           0           0
p 059           1 0 2050621653        4267           8           0    1.700000    0.000000    0.000000    0.000000    1.000000  127.159058   68.212845    0.599998  1999568897           0          77           1 -2013977798           2 -1962741247          -1          -1           1           0           0           0           0
p 059           1 0 2050752560       99567           8           0    0.250000   -0.000000   -0.000000   -0.761625    0.648018  120.406494   65.498421    5.399998  1999568897           0         277           1 -2013977798          17       99567          -1          -1           0           0           0           0           0
p 059           1 0 2050818126       99574          26           0    1.000000    0.000000    0.000000    0.998550   -0.053831  119.371063   59.116344    0.200002  1999568897           0         277           1 -2013977798          17       99574          -1          -1           0           0           0           0           0
p 059           1 0 2050883796        4267           8           0    1.700000    0.000000    0.000000    0.000000    1.000000  119.371063   59.116344    0.600002  1999568897           0         277           1 -2013977798           2 -1962741247          -1          -1           1           0           0           0           0
p 059           1 0 2050949333       99567           8           0    0.250000   -0.000001    0.000000    0.837854    0.545895  125.788925   68.745689    5.400002  1999568897           0         277           1 -2013977798          17       99567          -1          -1           0           0           0           0           0
p 059           1 0 2051014881       99574          26           0    1.000000    0.000000    0.000000    0.572559   -0.819864  124.502190   73.031113    0.200000  1999568897           0         277           1 -2013977798          17       99574          -1          -1           0           0           0           0           0
p 059           1 0 2051080335      209200           8           0    1.000000    0.000000    0.000000    0.000000    1.000000  124.502190   73.031113    0.599998  1999568897           0         277           1     2844506           2   126259832          -1          -1           1           0           0           0           0
p 059           1 0 2051145871       99567           8           0    0.250000   -0.000001   -0.000001    0.866321   -0.499487  110.146431   59.192898    5.400009  1999568897          -1          -1           1      109467          17       99567          -1          -1           0           0           0           0           0
p 059           1 0 2051211489       99572          26           0    1.000000   -0.000001   -0.000001    0.866321   -0.499487  103.883614   48.374992    5.399966  1999568897          -1          -1           1      109467          17       99572          -1          -1           0           0           0           0           0
