v 1
# ENTER WORLD  1999634434 (sno:       80730) at   33.750000  123.750000    0.373007
s   33.750000  123.750000    0.373007
p 055  1999634434       80730
p 051   33.750000  123.750000    0.373007  1999634434       80730
p 052  1999634434           0           0           0      107051          -1          -1          -1       71150           5          -1          -1          -1          -1      151898          -1      166028      137645       80697       80730           0           0           0          -1          63          96          96  115.076218  120.000008   39.792255  124.923798  120.000008   42.504177  115.076218  120.000008   39.792255  124.923798  120.000008   42.504177        1098           0           0           0           1  2020933921      118245    0.000000    0.000000    0.000000    1.000000    0.000000    0.000000    0.000000          -1          -1
p 068  2020933921      118245    0.000000    0.000000    0.000000    1.000000    0.000000    0.000000    0.000000  1999634434           0
p 059           1 0 2076967056      101192           8           0    1.000000    0.000000    0.000000    0.000000    1.000000  101.000000   92.000000    0.000061  1999634434          -1      166028      137645       80697          -1          -1           1      101192           0           0           0           0           0
p 059           1 0 2077032674      101192           8           0    1.000000    0.000000    0.000000    0.000000    1.000000  100.671341   97.500000    0.000000  1999634434          -1          77   981663744           0          -1          -1           1      101192           0           0           0           0           0
p 059           1 0 2077098198       80237           8           0    0.800000    0.000000    0.000000    0.908187   -0.418564   34.075451  107.550888   -0.121363  1999634434          -1          77   981663744           0          -1          -1           1       80237           0           0           1           1           0
p 059           1 0 2077360341       80233           8           0    1.000000    0.000000    0.000000    0.708373    0.705839   98.912674   78.791458    0.000000  1999634434          -1          77   981663744           0          -1          -1           1       80233           0           0           1           1           0
p 059           1 0 2077425852       80233           8           0    1.000000    0.000000    0.000000   -0.692990    0.720947   29.756458  103.935608    0.000000  1999634434          -1          77   981663744           0          -1          -1           1       80233           0           0           1           1           0
p 059           1 0 2077491286        5502           8           0    1.000000    0.000000    0.000000    0.017453    0.999848   31.000000  120.000000    0.000000  1999634434          -1          77   981663744           0          -1          -1           1        5502           0           0           1           1           0
p 059           1 0 2077556922       80447          24           0    1.000000    0.000000    0.000000    0.000000    1.000000   16.252781  109.573006    0.280266  1999634434          -1          77   981663744           0          -1          -1           1       80447           0           0           1           1           0
p 059           1 0 2077622370      175467          24           0    0.868672    0.000000    0.000000    0.000000    1.000000   25.789867  121.172119    2.740109  1999634434          -1          77   981663744           0          -1          -1           1      175467           0           0           1           1           0
p 059           1 0 2078015583      103772          24           0    1.000000    0.000000    0.000000    0.000000    1.000000   36.500000  120.500000    0.280266  1999634434          -1          81           0           0          -1          -1           1      103772           0           0           1           1           0
p 059           1 0 2078277723      128781           8           0    0.529777    0.000000    0.000000   -0.710529    0.703668   87.999924  117.499947    0.000061  1999634434       62731         560           1           1          -1          -1           1      128781           0           0           1           1           0
p 059           1 0 2078474318       80447          24           0    1.000000    0.000000    0.000000    0.000000    1.000000   95.500000  111.000000   19.253357  1999634434       62731          77  1065353216           0          -1          -1           1       80447           0           0           1           1           0
p 059           1 0 2078539853      128781           8           0    0.706370    0.000000    0.000000    0.618711    0.785619   87.499893  113.999962    0.000061  1999634434       62731          77  1065353216           0          -1          -1           1      128781           0           0           1           1           0
p 059           1 0 2078670923       87172          24           0    1.000000    0.000000    0.000000    0.000000    1.000000   41.286674  125.638634    0.000000  1999634434       62731          77  1065353216           0          -1          -1           1       87172           0           0           1           1           0
p 059           1 0 2078736458       87171           8           0    1.000000    0.000000    0.000000    0.545020    0.838423   69.032684  114.618599   -0.000008  1999634434       62731          81           0           0          -1          -1           1       87171           0           0           1           1           0
p 059           1 0 2078343258        4675          16           0    1.000000    0.000000    0.000000    0.000000    1.000000  111.764709   83.602585    0.000000  1999634434           0          -1           1 -2013977798          -1          -1           1        4675           0           0           1           1           0
p 059           1 0 2077294745       80231           0           0    1.000000    0.000000    0.000000    0.688391    0.725339   99.225403  150.231384   -0.361391  1999634434           0          67           0 -2013977798          -1          -1           1       80231           0           0           1           1           0
p 059           1 0 2078605388        5718           0           0    1.000000    0.000000    0.000000    0.382683    0.923880  129.160278   79.472092    0.000061  1999634434           0          77   981663744           0          -1          -1           1        5718           0           0           1           1           0
p 059           1 0 2078801993       87172          16           0    1.000000    0.000000    0.000000   -0.154902    0.987930  115.313080  151.270874    0.000000  1999634434           0           2           1        6526          -1          -1           1       87172           0           0           1           1           0
p 059           1 0 2077950048      128781           0           0    0.417676    0.000000    0.000000   -0.854027    0.520229  132.500000   78.500000    0.000061  1999634434           0          77   981663744           0          -1          -1           1      128781           0           0           1           1           0
p 059           1 0 2077687992      128781           0           0    0.471763    0.000000    0.000000    0.914621   -0.404313  129.000000   81.000000    0.000061  1999634434           0          77  1065353216           0          -1          -1           1      128781           0           0           1           1           0
p 059           1 0 2078933025       99567           8           0    0.250000    0.000431    0.002880   -0.147876    0.989002   68.154701  121.445435    5.300000  1999634434           0          77  1065353216           0          17       99567          -1          -1           0           0           0           0           0
p 059           1 0 2078998541       99574          26           0    1.000000    0.000000    0.000000    0.315358   -0.948973  103.627327  109.849625    0.100000  1999634434           0          77           1 -2013977798          17       99574          -1          -1           0           0           0           0           0
p 059           1 0 2078081118        4982           0           0    0.950000    0.000000    0.000000    0.688633    0.725110  129.679749   81.714569    0.000061  1999634434           0          77           1 -2013977798          -1          -1           1        4982           0           0           1           1           0
p 059           1 0 2078801993       87172          16           0    1.000000    0.000000    0.000000   -0.154902    0.987930  115.313080  151.270874    0.000000  1999634434           0          81           0           0          -1          -1           1       87172           0           0           1           1           0
p 059           1 0 2078408793       80447          16           0    1.000000    0.000000    0.000000    0.000000    1.000000  133.000000   74.000000   -0.000061  1999634434           0          77   981663744           0          -1          -1           1       80447           0           0           1           1           0
p 059           1 0 2078146653        4982           0           0    0.950000    0.000000    0.000000    0.969114    0.246614  139.891525   82.631523    0.100000  1999634434           0          77   981663744           0          -1          -1           1        4982           0           0           1           1           0
p 059           1 0 2077950048      128781           0           0    0.417676    0.000000    0.000000    0.568102    0.822958  135.828232   83.738319    0.100000  1999634434           0          81           0           0          -1          -1           1      128781           0           0           1           1           0
p 059           1 0 2078212188        4675          16           0    1.000000    0.000000    0.000000    0.000000    1.000000  139.961151   82.703293    0.000000  1999634434           0          77  1065353216           0          -1          -1           1        4675           0           0           1           1           0
p 059           1 0 2077229243       80231           0           0    1.000000    0.000000    0.000000    0.000000    1.000000  142.301117  135.851837   -0.756039  1999634434           0          67           0           0          -1          -1           1       80231           0           0           1           1           0
p 059           1 0 2079064077       99567           8           0    0.250000    0.000138    0.002795   -0.049222    0.998784   85.756020  116.534882    5.300000  1999634434           0          77   981663744           0          17       99567          -1          -1           0           0           0           0           0
p 059           1 0 2077884513      128781           0           0    0.554005    0.000000    0.000000    0.871167   -0.490987  139.386948   50.687691    0.100000  1999634434           0          77   981663744           0          -1          -1           1      128781           0           0           1           1           0
p 059           1 0 2077753525      128781           0           0    0.500000    0.000000    0.000000    0.691665   -0.722219  144.308517   50.629581    0.100000  1999634434           0          77           1 -2013977798          -1          -1           1      128781           0           0           1           1           0
p 059           1 0 2079129677       99572          26           0    1.000000    0.000138    0.002795   -0.049222    0.998784  129.293335  112.233253    5.055181  1999634434           0          77  1065353216           0          17       99572          -1          -1           0           0           0           0           0
p 059           1 0 2078867528       87172          16           0    1.000000    0.000000    0.000000    0.498525    0.866875  153.647934   63.528397   -0.000004  1999634434           0          77  1065353216           0          -1          -1           1       87172           0           0           1           1           0
p 059           1 0 2077163535       80235           0           0    0.800000    0.000000   -0.000000    0.450649    0.892701  151.795044  138.005295   -0.103439  1999634434           0          77   981663744           0          -1          -1           1       80235           0           0           1           1           0
p 059           1 0 2077818908      128781           0           0    0.554005    0.000000    0.000000    0.967347   -0.253455  155.526031   53.130558    0.100000  1999634434           0          77   981663744           0          -1          -1           1      128781           0           0           1           1           0
p 059           1 0 2079195211        6435           8           0    1.000000    0.117680    0.109773   -0.721713    0.673225  101.115440  103.880455    6.142746  1999634434           0          77  1065353216           0          17        6435          -1          -1           0           0           0           0           0
p 059           1 0 2079260749        6434          10           0    1.000000    0.000000    0.000000    0.000000    1.000000  100.639908   97.048462    3.696717  1999634434           0          77  1065353216           0          17        6434          -1          -1           0           0           0           0           0
p 059           1 0 2077163535       80235           0           0    0.800000    0.000000   -0.000000    0.450649    0.892701  151.795044  138.005295   -0.103439  1999634434           0          77  1065353216           0          -1          -1           1       80235           0           0           1           1           0
p 059           1 0 2079326282       99567           8           0    0.250000   -0.000000    0.000000   -0.218567    0.975822  105.212646  105.913177    5.300000  1999634434           0          77           1 -2013977798          17       99567          -1          -1           0           0           0           0           0
p 059           1 0 2079391970       99574          26           0    1.000000    0.000000    0.000000    0.975820    0.218574  108.136787  104.534081    0.100000  1999634434           0          77           1 -2013977798          17       99574          -1          -1           0           0           0           0           0
p 059           1 0 2079457355         376           8           0    1.000000    0.000000    0.000000    0.000000    1.000000  108.136787  104.534081    0.200000  1999634434           0          77           1 -2013977798           2   126259831          -1          -1           1           0           0           0           0
p 059           1 0 2079522893       99567           8           0    0.250000   -0.000000    0.000000   -0.280412    0.959880  104.955978  105.448395    5.300000  1999634434           0          77           1 -2013977798          17       99567          -1          -1           0           0           0           0           0
p 059           1 0 2079588426       99574          26           0    1.000000    0.000000    0.000000    0.959883    0.280400  107.963989  103.526939    0.100000  1999634434           0          77           1 -2013977798          17       99574          -1          -1           0           0           0           0           0
p 059           1 0 2079653962        4402          26           0    1.000000    0.000000    0.000000    0.299899   -0.953971  121.272377   94.063210    0.100000  1999634434           0          77           1 -2013977798          17        4402          -1          -1           0           0           0           0           0
p 059           1 0 2079719498       99567           8           0    0.250000    0.001454    0.003652   -0.369936    0.929049  124.293785   91.203720    5.300000  1999634434           0          77           1 -2013977798          17       99567          -1          -1           0           0           0           0           0
p 059           1 0 2079785144       99574          26           0    1.000000    0.000000    0.000000    0.963391    0.268100  136.602768   84.814217    0.100000  1999634434           0          77           1 -2013977798          17       99574          -1          -1           0           0           0           0           0
p 059           1 0 2079850570       99567           8           0    0.250000    0.000453    0.003625   -0.123892    0.992289  125.304672   93.040367    5.300000  1999634434           0          77           1 -2013977798          17       99567          -1          -1           0           0           0           0           0
p 059           1 0 2079916216       99572          26           0    1.000000    0.000453    0.003625   -0.123892    0.992289  168.922043   81.976173    4.971210  1999634434           0          77           1 -2013977798          17       99572          -1          -1           0           0           0           0           0
p 059           1 0 2079981642       99567           8           0    0.250000    0.000000    0.000000   -0.271852    0.962339  124.817528   91.886627    5.300000  1999634434           0          77           1 -2013977798          17       99567          -1          -1           0           0           0           0           0
p 059           1 0 2080047198       99574          26           0    1.000000    0.000000    0.000000    0.942837    0.333255  127.437836   89.082573    0.100000  1999634434           0          77           1 -2013977798          17       99574          -1          -1           0           0           0           0           0
p 059           1 0 2080112784      209200           8           0    1.000000    0.000000    0.000000    0.000000    1.000000  127.437836   89.082573    0.500000  1999634434           0          77           1 -2013977798           2   126259832          -1          -1           1           0           0           0           0
p 059           1 0 2080178250       99567           8           0    0.250000    0.000000    0.000000   -0.271852    0.962339  124.817528   91.886627    5.300000  1999634434           0          77           1 -2013977798          17       99567          -1          -1           0           0           0           0           0
p 059           1 0 2080243896       99574          26           0    1.000000    0.000000    0.000000    0.962341    0.271846  139.891525   82.631523    0.100000  1999634434           0          77           1 -2013977798          17       99574          -1          -1           0           0           0           0           0
p 059           1 0 2080309342       99567           8           0    0.250000   -0.000000   -0.000000    0.488493    0.872568  123.446938   97.609596    5.300001  1999634434           0          77           1 -2013977798          17       99567          -1          -1           0           0           0           0           0
p 059           1 0 2080374858       99574          26           0    1.000000    0.000000    0.000000    0.888437    0.458999  125.236511  102.960663    0.100000  1999634434           0          77           1 -2013977798          17       99574          -1          -1           0           0           0           0           0
p 059           1 0 2080440501      209200           8           0    1.000000    0.000000    0.000000    0.000000    1.000000  125.236511  102.960663    0.200000  1999634434           0          77           1 -2013977798           2   126259832          -1          -1           1           0           0           0           0
p 059           1 0 2080505953       99567           8           0    0.250000    0.000328    0.004762   -0.068746    0.997623  125.393066   93.492653    5.300001  1999634434           0          77           1 -2013977798          17       99567          -1          -1           0           0           0           0           0
p 059           1 0 2080571466       99572          26           0    1.000000    0.000328    0.004762   -0.068746    0.997623  169.965698   87.320351    4.870447  1999634434           0          77           1 -2013977798          17       99572          -1          -1           0           0           0           0           0
p 059           1 0 2080637002       99567           8           0    0.250000   -0.000000    0.000000   -0.715127    0.698994  137.646042   77.312225    5.300000  1999634434           0          77           1 -2013977798          17       99567          -1          -1           0           0           0           0           0
p 059           1 0 2080702645       99574          26           0    1.000000    0.000000    0.000000    0.728725    0.684807  137.548157   73.022804    0.100000  1999634434          -1           2           1        6526          17       99574          -1          -1           0           0           0           0           0
p 059           1 0 2077163535       80235           0           0    0.800000    0.000000   -0.000000    0.450649    0.892701  151.795044  138.005295   -0.103439  1999634434           0           2           1 -2013977798          -1          -1           1       80235           0           0           1           1           0
p 059           1 0 2077098198       80237           0           0    0.800000    0.000000    0.000000    0.908187   -0.418564   34.075451  107.550888   -0.121363  1999634434           0          77   981663744           0          -1          -1           1       80237           0           0           1           1           0
p 059           1 0 2077491286        5502           0           0    1.000000    0.000000    0.000000    0.017453    0.999848   31.000000  120.000000    0.000000  1999634434           0          77           1 -2013977798          -1          -1           1        5502           0           0           1           1           0
p 059           1 0 2078015583      103772          16           0    1.000000    0.000000    0.000000    0.000000    1.000000   36.500000  120.500000    0.280266  1999634434           0          77   981663744           0          -1          -1           1      103772           0           0           1           1           0
p 059           1 0 2077622370      175467          16           0    0.868672    0.000000    0.000000    0.000000    1.000000   25.789867  121.172119    2.740109  1999634434       62731         560           1           1          -1          -1           1      175467           0           0           1           1           0
p 059           1 0 2077556922       80447          16           0    1.000000    0.000000    0.000000    0.000000    1.000000   16.252781  109.573006    0.280266  1999634434       62731          81           0           0          -1          -1           1       80447           0           0           1           1           0
p 059           1 0 2078801993       87172          16           0    1.000000    0.000000    0.000000   -0.154902    0.987930  115.313080  151.270874    0.000000  1999634434       62731          81           0           0          -1          -1           1       87172           0           0           1           1           0
p 059           1 0 2077294745       80231           0           0    1.000000    0.000000    0.000000    0.688391    0.725339   99.225403  150.231384   -0.361391  1999634434       62731          77   981663744           0          -1          -1           1       80231           0           0           1           1           0
