v 1
# ENTER WORLD  1999699971 (sno:      107050) at  171.250000   83.750000    0.100000
s  171.250000   83.750000    0.100000
p 055  1999699971      107050
p 051  171.250000   83.750000    0.100000  1999699971      107050
p 052  1999699971           0           0           0      103202          -1          -1          -1       71150         220       91133          -1          -1          -1      151898          -1      166028      180244       80697      107050           0           0           0          -1          63          96          96  120.000008  120.000008   24.158216  120.000008  120.000008   30.041567  120.000008  120.000008   24.158216  120.000008  120.000008   30.041567         858           0           0           0           1  2020999458       80673    0.000000    0.000000    0.000000    1.000000    0.000000    0.000000    0.000000          -1          -1
p 068  2020999458       80673    0.000000    0.000000    0.000000    1.000000    0.000000    0.000000    0.000000  1999699971           0
p 059           1 0 2107703494      101192           8           0    1.000000    0.000000    0.000000    0.000000    1.000000  156.217194   89.083420    0.000000  1999699971          -1      166028      180244       80697          -1          -1           1      101192           0           0           0           0           0
p 059           1 0 2107769010      101192           8           0    1.000000    0.000000    0.000000    0.000000    1.000000   82.456360   67.445389    0.000008  1999699971          -1          77   981663744           0          -1          -1           1      101192           0           0           0           0           0
p 059           1 0 2107834463       79016           8           0    1.000000    0.000000    0.000000    0.000000    1.000000   51.253284  103.974998    0.000008  1999699971          -1          77   981663744           0          -1          -1           1       79016           0           0           0           0           0
p 059           1 0 2107899987       80237           8           0    0.800000    0.000000    0.000000    0.855973    0.517020   82.938644  128.389221    0.000000  1999699971          -1          77   981663744           0          -1          -1           1       80237           0           0           1           1           0
p 059           1 0 2107965498       80237           8           0    0.800000    0.000000    0.000000   -0.469666    0.882844   68.870636   66.063141   -0.000002  1999699971          -1          77   981663744           0          -1          -1           1       80237           0           0           1           1           0
p 059           1 0 2108031007       80235           8           0    0.800000    0.000000    0.000000    0.987452    0.157918  159.859375  111.006386    0.218374  1999699971          -1          77   981663744           0          -1          -1           1       80235           0           0           1           1           0
p 059           1 0 2108096542       80235           8           0    0.800000    0.000000    0.000000    0.987452    0.157918   46.126427   92.446442    0.218376  1999699971          -1          77   981663744           0          -1          -1           1       80235           0           0           1           1           0
p 059           1 0 2108162262       80231           8           0    1.000000    0.000000    0.000000    0.000000    1.000000   69.400269   63.638733   -0.000002  1999699971          -1          77   981663744           0          -1          -1           1       80231           0           0           1           1           0
p 059           1 0 2108227793       80233           8           0    1.000000    0.000000    0.000000    0.000000    1.000000   83.280060  132.260742    0.000000  1999699971          -1          77   981663744           0          -1          -1           1       80233           0           0           1           1           0
p 059           1 0 2108293304       80233           8           0    1.000000    0.000000    0.000000   -0.722310    0.691570  153.792358  113.732086    0.000002  1999699971          -1          77   981663744           0          -1          -1           1       80233           0           0           1           1           0
p 059           1 0 2108358749        5502           8           0    1.000000    0.000000    0.000000    0.719340    0.694658  168.756073   81.915466    0.277283  1999699971          -1          77   981663744           0          -1          -1           1        5502           0           0           1           1           0
p 059           1 0 2108424284      175467          24           0    0.924073    0.000000    0.000000    0.710733    0.703462  168.032455   74.584076    2.484301  1999699971          -1          77   981663744           0          -1          -1           1      175467           0           0           1           1           0
p 059           1 0 2108489818       80447          24           0    1.000000    0.000000    0.000000    0.000000    1.000000  153.158249   96.840401   -0.000122  1999699971          -1          81           0           0          -1          -1           1       80447           0           0           1           1           0
p 059           1 0 2108555337       87172          24           0    1.000000    0.000000    0.000000   -0.856685    0.515841   68.686195  130.015762    0.000000  1999699971          -1          81           0           0          -1          -1           1       87172           0           0           1           1           0
p 059           1 0 2108620867        5985           8           0    1.350000    0.000000    0.000000    0.768676   -0.639638   81.250000  123.750000    0.000000  1999699971          -1          77   981663744           0          -1          -1           1        5985           0           0           0           0           0
p 059           1 0 2108686400        6652           8           0    1.600000    0.000000    0.000000    0.482622   -0.875829   64.764954   89.656158    0.000004  1999699971      105371         561           1           1          -1          -1           1        6652           0           0           0           0           0
p 059           1 0 2108751935        6652           8           0    1.600000    0.000000    0.000000    0.769575    0.638556   65.683060   96.062576    0.000004  1999699971           0          77  1092034560           0          -1          -1           1        6652           0           0           0           0           0
p 059           1 0 2108817465        6644           8           0    1.350000    0.000000    0.000000    0.504853   -0.863205   84.561035   69.652840    0.000000  1999699971           0          77  1090387968           0          -1          -1           1        6644           0           0           0           0           0
p 059           1 0 2108883000        6644           8           0    1.350000    0.000000    0.000000    0.933627   -0.358247   85.437149   66.799347    0.000004  1999699971           0          77  1081794560           0          -1          -1           1        6644           0           0           0           0           0
p 059           1 0 2108948535        6644           8           0    1.350000    0.000000    0.000000    0.534349    0.845264   81.269196   70.254860    0.000000  1999699971           0          77  1083850752           0          -1          -1           1        6644           0           0           0           0           0
p 059           1 0 2109014070        6644           8           0    1.350000    0.000000    0.000000    0.112336   -0.993670   83.375870   72.189644    0.000000  1999699971           0          77  1084129280           0          -1          -1           1        6644           0           0           0           0           0
p 059           1 0 2109079604        6644           8           0    1.350000    0.000000    0.000000    0.954340    0.298723   80.925949   73.545326    0.000000  1999699971           0          77  1079615488           0          -1          -1           1        6644           0           0           0           0           0
p 059           1 0 2109145182        6435           8           0    1.000000   -0.162378    0.007095    0.985763    0.043069  162.520691   88.531548    6.142745  1999699971           0          -1           1 -2013977798          17        6435          -1          -1           0           0           0           0           0
p 059           1 0 2109210640        6434          10           0    1.000000    0.000000    0.000000    0.000000    1.000000  155.736237   89.125526    3.673024  1999699971           0          -1           1 -2013977798          17        6434          -1          -1           0           0           0           0           0
p 059           1 0 2109276176       99567           8           0    0.250000   -0.000000    0.000000   -0.766519    0.642222   88.088165  101.604370    5.299999  1999699971           0          -1           1 -2013977798          17       99567          -1          -1           0           0           0           0           0
p 059           1 0 2109341923       99574          26           0    1.000000    0.000000    0.000000    0.998431   -0.056001   81.351234   76.326637    0.100000  1999699971           0          -1           1 -2013977798          17       99574          -1          -1           0           0           0           0           0
p 059           1 0 2109407284       99567           8           0    0.250000    0.002111    0.001878   -0.747149    0.664650   88.332077  101.568420    5.300000  1999699971           0          -1           1 -2013977798          17       99567          -1          -1           0           0           0           0           0
p 059           1 0 2109472784       99574          26           0    1.000000    0.000000    0.000000    0.000000    1.000000   82.456360   67.445389    0.000008  1999699971           0          -1           1 -2013977798          17       99574          -1          -1           0           0           0           0           0
p 059           1 0 2109604067       99567           8           0    0.250000   -0.000000    0.000000   -0.836053    0.548648   87.160950  101.883751    5.300000  1999699971           0          -1           1 -2013977798          17       99567          -1          -1           0           0           0           0           0
p 059           1 0 2109538529         376           8           0    1.000000    0.000000    0.000000    0.000000    1.000000   85.383064   67.075394    0.200004  1999699971           0          -1           1 -2013977798           2   126259831          -1          -1           1           0           0           0           0
p 059           1 0 2109669554       99574          26           0    1.000000    0.000000    0.000000    0.548644    0.836056   76.683846   77.731979    0.100000  1999699971           0          -1           1 -2013977798          17       99574          -1          -1           0           0           0           0           0
p 059           1 0 2109734964        4267           8           0    1.700000    0.000000    0.000000    0.000000    1.000000   76.683846   77.731979    0.500000  1999699971           0          -1           1 -2013977798           2 -1962741247          -1          -1           1           0           0           0           0
p 059           1 0 2109800626        4402          26           0    1.000000    0.000000    0.000000    0.978618   -0.205684   76.699760   86.721802    0.100003  1999699971           0         277           1 -2013977798          17        4402          -1          -1           0           0           0           0           0
p 059           1 0 2108489818       80447          16           0    1.000000    0.000000    0.000000    0.000000    1.000000  153.158249   96.840401   -0.000122  1999699971           0         277           1 -2013977798          -1          -1           1       80447           0           0           1           1           0
p 059           1 0 2109866162       99567           8           0    0.250000    0.000000    0.000000    0.980074    0.198633   77.344147   93.013725    5.300000  1999699971           0         277           1 -2013977798          17       99567          -1          -1           0           0           0           0           0
p 059           1 0 2109931536       99574          26           0    1.000000    0.000000    0.000000    0.645152   -0.764054   75.497650   93.794250    0.100000  1999699971           0         277           1 -2013977798          17       99574          -1          -1           0           0           0           0           0
p 059           1 0 2109997110        4267           8           0    1.700000    0.000000    0.000000    0.000000    1.000000   75.497650   93.794250    0.500000  1999699971           0         277           1 -2013977798           2 -1962741247          -1          -1           1           0           0           0           0
p 059           1 0 2110062770       99567           8           0    0.250000    0.000000    0.000000    0.998911   -0.046665   77.033936   91.006134    5.300000  1999699971           0         277           1 -2013977798          17       99567          -1          -1           0           0           0           0           0
p 059           1 0 2110128355       99574          26           0    1.000000    0.000000    0.000000    0.269570   -0.962981   69.233017   90.275688    0.100000  1999699971           0         277           1 -2013977798          17       99574          -1          -1           0           0           0           0           0
p 059           1 0 2110193855         376           8           0    1.000000    0.000000    0.000000    0.000000    1.000000   69.233017   90.275688    0.500000  1999699971           0         277           1 -2013977798           2   126259831          -1          -1           1           0           0           0           0
p 059           1 0 2110259385        4267           8           0    1.700000    0.000000    0.000000    0.000000    1.000000   67.930389   96.490639    0.500000  1999699971           0         277           1 -2013977798           2 -1962741247          -1          -1           1           0           0           0           0
p 059           1 0 2110324752       99567           8           0    0.250000   -0.008717    0.000163    0.999787    0.018681   77.018730   91.549263    5.300000  1999699971           0         277           1 -2013977798          17       99567          -1          -1           0           0           0           0           0
p 059           1 0 2110390450       99574          26           0    1.000000    0.000000    0.000000    0.987452    0.157918   46.126427   92.446442    0.218376  1999699971           0         277           1 -2013977798          17       99574          -1          -1           0           0           0           0           0
p 059           1 0 2110455838       99567           8           0    0.250000   -0.000000    0.000000   -0.600722    0.799458   82.333443   87.398209    5.299999  1999699971           0         277           1 -2013977798          17       99567          -1          -1           0           0           0           0           0
p 059           1 0 2110521408       99574          26           0    1.000000    0.000000    0.000000    0.998052   -0.062387   84.629150   87.058647    0.100000  1999699971           0         277           1 -2013977798          17       99574          -1          -1           0           0           0           0           0
p 059           1 0 2110587107         376           8           0    1.000000    0.000000    0.000000    0.000000    1.000000   84.629150   87.058647    0.500000  1999699971           0         277           1 -2013977798           2   126259831          -1          -1           1           0           0           0           0
p 059           1 0 2110652473       99567           8           0    0.250000   -0.000000    0.000000   -0.596924    0.802298   82.371292   87.409370    5.299999  1999699971           0         277           1 -2013977798          17       99567          -1          -1           0           0           0           0           0
p 059           1 0 2110718015       99574          26           0    1.000000    0.000000    0.000000    0.802300    0.596921   84.000557   81.978798    0.100000  1999699971           0         277           1 -2013977798          17       99574          -1          -1           0           0           0           0           0
p 059           1 0 2110783666        4267           8           0    1.700000    0.000000    0.000000    0.000000    1.000000   83.849335   80.756714    0.500000  1999699971           0         277           1 -2013977798           2 -1962741247          -1          -1           1           0           0           0           0
p 059           1 0 2110849088       99567           8           0    0.250000   -0.000000    0.000000   -0.724051    0.689747   80.974113   87.238792    5.300000  1999699971           0         277           1 -2013977798          17       99567          -1          -1           0           0           0           0           0
p 059           1 0 2110914616       99574          26           0    1.000000    0.000000    0.000000    0.689750    0.724047   80.576477   79.049461    0.100000  1999699971           0         277           1 -2013977798          17       99574          -1          -1           0           0           0           0           0
p 059           1 0 2110980153         376           8           0    1.000000    0.000000    0.000000    0.000000    1.000000   80.576477   79.049461    0.200000  1999699971           0         277           1 -2013977798           2   126259831          -1          -1           1           0           0           0           0
p 059           1 0 2111045695       99567           8           0    0.250000    0.011022    0.013737   -0.625716    0.779852   82.077301   87.332748    5.300000  1999699971           0         277           1 -2013977798          17       99567          -1          -1           0           0           0           0           0
p 059           1 0 2111111223       99572          26           0    1.000000    0.011022    0.013737   -0.625716    0.779852   88.033295   60.502949    4.331504  1999699971           0         277           1 -2013977798          17       99572          -1          -1           0           0           0           0           0
p 059           1 0 2108424284      175467          16           0    0.924073    0.000000    0.000000    0.710733    0.703462  168.032455   74.584076    2.484301  1999699971           0         277           1 -2013977798          -1          -1           1      175467           0           0           1           1           0
p 059           1 0 2108358749        5502           0           0    1.000000    0.000000    0.000000    0.719340    0.694658  168.756073   81.915466    0.277283  1999699971           0          81           0           0          -1          -1           1        5502           0           0           1           1           0
p 059           1 0 2108489818       80447          16           0    1.000000    0.000000    0.000000    0.000000    1.000000  153.158249   96.840401   -0.000122  1999699971           0          77   981663744           0          -1          -1           1       80447           0           0           1           1           0
p 059           1 0 2108293304       80233           0           0    1.000000    0.000000    0.000000   -0.722310    0.691570  153.792358  113.732086    0.000002  1999699971           0          77           1 -2013977798          -1          -1           1       80233           0           0           1           1           0
p 059           1 0 2111176895        6435           8           0    1.000000   -0.065941    0.087474    0.598337    0.793721   77.985077  112.348305    6.142745  1999699971           0          77   981663744           0          17        6435          -1          -1           0           0           0           0           0
p 059           1 0 2111439075        6434          10           0    1.000000    0.000000    0.000000    0.000000    1.000000   81.243073  123.725800    3.507733  1999699971           0          77           1 -2013977798          17        6434          -1          -1           0           0           0           0           0
p 059           1 0 2111242425      209200           8           0    1.000000    0.000000    0.000000    0.000000    1.000000   81.250000  123.750000    0.500000  1999699971           0          77           1 -2013977798           2   126259832          -1          -1           1           0           0           0           0
p 059           1 0 2111307830      209200           8           0    1.000000    0.000000    0.000000    0.000000    1.000000   75.598717  120.854225    0.200000  1999699971           0          77           1 -2013977798           2   126259832          -1          -1           1           0           0           0           0
p 059           1 0 2111373367      209200           8           0    1.000000    0.000000    0.000000    0.000000    1.000000   75.398109  127.688538    0.200000  1999699971           0          77           1 -2013977798           2   126259832          -1          -1           1           0           0           0           0
p 059           1 0 2111504611        6435           8           0    1.000000   -0.017531    0.055299    0.301683    0.951641   80.030807  110.850182    6.142745  1999699971           0          77           1 -2013977798          17        6435          -1          -1           0           0           0           0           0
p 059           1 0 2108031007       80235           0           0    0.800000    0.000000    0.000000    0.987452    0.157918  159.859375  111.006386    0.218374  1999699971           0          77           1 -2013977798          -1          -1           1       80235           0           0           1           1           0
p 059           1 0 2108489818       80447          16           0    1.000000    0.000000    0.000000    0.000000    1.000000  153.158249   96.840401   -0.000122  1999699971           0          77   981663744           0          -1          -1           1       80447           0           0           1           1           0
p 059           1 0 2111570111         376           8           0    1.000000    0.000000    0.000000    0.000000    1.000000   97.877869  123.429947    0.500000  1999699971           0          77   981663744           0           2   126259831          -1          -1           1           0           0           0           0
p 059           1 0 2111635508        6434          10           0    1.000000    0.000000    0.000000    0.000000    1.000000  115.752571  136.029190    1.046313  1999699971           0          77   981663744           0          17        6434          -1          -1           0           0           0           0           0
p 059           1 0 2111701219         376           8           0    1.000000    0.000000    0.000000    0.000000    1.000000  113.356529  119.743187    0.500000  1999699971           0          77   981663744           0           2   126259831          -1          -1           1           0           0           0           0
p 059           1 0 2108424284      175467          16           0    0.924073    0.000000    0.000000    0.710733    0.703462  168.032455   74.584076    2.484301  1999699971           0          77   981663744           0          -1          -1           1      175467           0           0           1           1           0
p 059           1 0 2108358749        5502           0           0    1.000000    0.000000    0.000000    0.719340    0.694658  168.756073   81.915466    0.277283  1999699971           0          81           0           0          -1          -1           1        5502           0           0           1           1           0
p 059           1 0 2111766580      209200           8           0    1.000000    0.000000    0.000000    0.000000    1.000000  102.708519  119.308380    0.500000  1999699971           0          77           1 -2013977798           2   126259832          -1          -1           1           0           0           0           0
p 059           1 0 2111832291      209200           8           0    1.000000    0.000000    0.000000    0.000000    1.000000   92.185257  126.243607    0.500000  1999699971           0          77           1 -2013977798           2   126259832          -1          -1           1           0           0           0           0
p 059           1 0 2111963209        6435           8           0    1.000000   -0.056627   -0.029280    0.886471   -0.458372   89.727821  125.223991    6.142745  1999699971           0          77           1 -2013977798          17        6435          -1          -1           0           0           0           0           0
p 059           1 0 2111897827         376           8           0    1.000000    0.000000    0.000000    0.000000    1.000000   82.899887  110.024445    0.500000  1999699971           0          77           1 -2013977798           2   126259831          -1          -1           1           0           0           0           0
p 059           1 0 2112094399        6434          10           0    1.000000    0.000000    0.000000    0.000000    1.000000   62.607075   86.941689    0.124367  1999699971           0          77           1 -2013977798          17        6434          -1          -1           0           0           0           0           0
p 059           1 0 2112028857         376           8           0    1.000000    0.000000    0.000000    0.000000    1.000000   68.795174  108.098167    0.500000  1999699971           0          77           1 -2013977798           2   126259831          -1          -1           1           0           0           0           0
p 059           1 0 2112159798      209200           8           0    1.000000    0.000000    0.000000    0.000000    1.000000   62.910069  110.805634    0.500004  1999699971           0          77           1 -2013977798           2   126259832          -1          -1           1           0           0           0           0
p 059           1 0 2108489818       80447          16           0    1.000000    0.000000    0.000000    0.000000    1.000000  153.158249   96.840401   -0.000122  1999699971           0          77           1 -2013977798          -1          -1           1       80447           0           0           1           1           0
p 059           1 0 2112225465       54862           8           0    1.000000    0.000000    0.000000    0.965924   -0.258827   59.446045  108.805496    0.100003  1999699971           0          77           1 -2013977798          -1          -1           1       54862           0           0           0           0           0
p 059           1 0 2112290870        3799           8           0    1.600000    0.000000    0.000000    0.000000    1.000000   58.677906  111.399620    0.500004  1999699971           0          81           1 -2013977798           2  1612257704          -1          -1           1           0           0           0           0
p 059           1 0 2112356543      209200           8           0    1.000000    0.000000    0.000000    0.000000    1.000000   61.927273  110.584686    0.200004  1999699971           0          27  1083615914           0           2   126259832          -1          -1           1           0           0           0           0
p 059           1 0 2108424284      175467          16           0    0.924073    0.000000    0.000000    0.710733    0.703462  168.032455   74.584076    2.484301  1999699971           0           0           1 -2013977798          -1          -1           1      175467           0           0           1           1           0
p 059           1 0 2108489818       80447          16           0    1.000000    0.000000    0.000000    0.000000    1.000000  153.158249   96.840401   -0.000122  1999699971           0          81           1 -2013977798          -1          -1           1       80447           0           0           1           1           0
p 059           1 0 2108358749        5502           0           0    1.000000    0.000000    0.000000    0.719340    0.694658  168.756073   81.915466    0.277283  1999699971           0          81           1 -2013977798          -1          -1           1        5502           0           0           1           1           0
p 059           1 0 2108293304       80233           0           0    1.000000    0.000000    0.000000   -0.722310    0.691570  153.792358  113.732086    0.000002  1999699971           0          77   981663744           0          -1          -1           1       80233           0           0           1           1           0
p 059           1 0 2108031007       80235           0           0    0.800000    0.000000    0.000000    0.987452    0.157918  159.859375  111.006386    0.218374  1999699971           0          77   981663744           0          -1          -1           1       80235           0           0           1           1           0
