v 1
# ENTER WORLD  1999503360 (sno:       71150) at 2101.250000 2718.750000   40.156845
s 2101.250000 2718.750000   40.156845
p 055  1999503360       71150
p 051 2101.250000 2718.750000   40.156845  1999503360       71150
p 052  1999503360          27          35          42       91324       91133          -1          -1          -1          -1          -1          -1          -1          -1      137975          -1      160276       87030       50549       71150         143         143           0          24          63          96          96  114.895050  118.808960  -18.747101  133.527069  130.813232   85.976929  121.194748  115.900391  -18.747101  139.826767  133.721802   85.976929        2017        1380           0           0           1  2011365519       90200    0.000000    0.000000    0.000000    1.000000 2100.000000 2520.000000   27.000000          -1          -1
p 068  2011365519       90200    0.000000    0.000000    0.000000    1.000000 2100.000000 2520.000000   27.000000  1999503360           0
p 052  1999503360          27          31          42      101351       91133          -1          -1          -1          -1          -1      107050          -1          -1      137975          -1      160276       87030       50549       71150         147         147           0          -1          63          96          96  114.180878  116.748047   19.284805  138.963470  136.522522   55.875038  115.050171  116.748047   19.284805  139.832764  136.522522   55.875038         275        1412           0           0           1  2011627667       90198    0.000000    0.000000    0.000000    1.000000 1860.000000 2520.000000   27.000000          -1          -1
p 068  2011627667       90198    0.000000    0.000000    0.000000    1.000000 1860.000000 2520.000000   27.000000  1999503360           0
p 052  1999503360          27          35          38       91324          -1          -1          -1          -1          -1          -1          -1          -1          -1      137975          -1      160591       87030       50549       71150         142         142           0          24          63          96          96  121.363312  130.183823   12.376104  130.275299  130.183823   33.504158  121.363312  130.183823   12.376106  130.275299  130.183823   33.504158        1899           0           0           0           1  2011299982       90299    0.000000    0.000000    0.000000    1.000000 2100.000000 2280.000000   27.000000          -1          -1
p 068  2011299982       90299    0.000000    0.000000    0.000000    1.000000 2100.000000 2280.000000   27.000000  1999503360           0
p 052  1999503360          27          35          38       91324          -1          -1          -1          -1          -1          -1          -1          -1          -1      137975          -1      160591       87030       50549       71150         142         142           0          24          63          32          32   40.000000   40.000000    9.916815   40.000000   40.000000    9.916819   40.000000   40.606804    9.756170   40.000000   40.606804   10.077463         978           0           0           0           1  2020737310      103268    0.000000    0.000000    0.000000    1.000000 2115.000000 2430.000000   27.000000  2011299982          -1
p 068  2020737310      103268    0.000000    0.000000    0.000000    1.000000 2115.000000 2430.000000   27.000000  1999503360           0
p 052  1999503360          27          35          46       91324       91133          -1          -1          -1          -1          -1          -1          -1          -1      137975          -1      160276       87030       50549       71150         144         144           0          -1          63          96          96  107.217636  104.123627   22.700306  149.088943  135.876434   29.502087  120.787308  104.123627   19.905621  162.658615  135.876434   32.296772        1200        1239           0           0           1  2011431056       90202    0.000000    0.000000    0.000000    1.000000 2100.000000 2760.000000   27.000000          -1          -1
p 068  2011431056       90202    0.000000    0.000000    0.000000    1.000000 2100.000000 2760.000000   27.000000  1999503360           0
p 052  1999503360          27          31          38       91324          -1          -1          -1          -1          -1          -1      106746           2          -1      137975          -1      160591       87030       50549       71150         146         146           0          -1          63          96          96  136.481812  135.282455   15.108280  136.481812  135.282455   31.477673  136.481812  135.282455   15.108280  136.481812  135.282455   31.477673         424           0           0           0           1  2011562130       90289    0.000000    0.000000    0.000000    1.000000 1860.000000 2280.000000   27.000000          -1          -1
p 068  2011562130       90289    0.000000    0.000000    0.000000    1.000000 1860.000000 2280.000000   27.000000  1999503360           0
p 052  1999503360          27          31          46      101351       91133          -1          -1          -1          -1          -1          -1          -1          -1      137975          -1      160276       87030       50549       71150         148         148           0          -1          63          96          96  119.506165  114.089874   25.547520  140.780914  125.910187   42.737530  124.379150  114.089874   25.547520  145.653900  125.910187   42.737530          79        1347           0           0           1  2011693204       90196    0.000000    0.000000    0.000000    1.000000 1860.000000 2760.000000   27.000000          -1          -1
p 068  2011693204       90196    0.000000    0.000000    0.000000    1.000000 1860.000000 2760.000000   27.000000  1999503360           0
p 059           1 0 2112422113      180941          24           0    1.000000    0.000000    0.000000    0.000000    1.000000 1991.747437 2667.045654   40.083260  1999503360          -1      160276       87030       50549          -1          -1           1      180941           0           0           1           1           0
p 059           1 0 2112487615        5502           8           0    1.000000    0.000000    0.000000   -0.000189    1.000000 2097.500977 2715.499023   40.229492  1999503360          -1          77   981663744           0          -1          -1           1        5502           0           0           1           1           0
p 059           1 0 2112553027        3795          24           0    3.000000    0.000000    0.000000    0.000000    1.000000 2001.038452 2604.183350   25.808266  1999503360          -1          77   981663744           0          -1          -1           1        3795           0           0           1           1           0
p 059           1 0 2112618681      176007          24           0    0.511031    0.000000   -0.465273    0.000000    0.885167 2092.468750 2715.238281   37.960854  1999503360          -1          77   981663744           0          -1          -1           1      176007           0           0           1           1           0
p 059           1 0 2112684259        6652           8           0    1.600000    0.000000    0.000000    0.944194    0.329390 2134.234131 2687.994873   40.156845  1999503360          -1          81           0           0          -1          -1           1        6652           0           0           0           0           0
p 059           1 0 2112749623        6644           8           0    1.350000    0.000000    0.000000    0.517468    0.855703 2078.171143 2666.040771   40.156845  1999503360          -1          77  1093443584           0          -1          -1           1        6644           0           0           1           1           0
p 059           1 0 2112815177       85791           8           0    2.000000    0.000000    0.000000    0.000000    1.000000 2063.324219 2726.904785   40.217739  1999503360          -1          77  1077805056           0          -1          -1           1       85791           0           0           0           0           0
p 059           1 0 2112880697       89965          24           0    1.000000    0.000000    0.000000   -0.499456    0.866339 2066.808838 2657.964844   40.147133  1999503360          -1          77   981663744           0          -1          -1           1       89965           0           0           1           1           0
p 059           1 0 2112946354      101192           8           0    1.000000    0.000000    0.000000    0.051612   -0.998667 2023.059814 2742.767090   40.056847  1999503360          -1          77   981663744           0          -1          -1           1      101192           0           0           1           1           0
p 059           1 0 2113011768      102651           8           0    1.000000    0.000000    0.000000    0.000000    1.000000 2080.055176 2756.101074   40.056839  1999503360          -1          77   981663744           0          -1          -1           1      102651           0           0           1           1           0
p 059           1 0 2113077311      188229          24           0    1.200000    0.000000    0.000000    0.893199    0.449661 1997.352295 2669.891602   40.144989  1999503360          -1          77   981663744           0          -1          -1           1      188229           0           2           1           1           0
p 059           1 0 2113142848      101192           8           0    1.000000    0.000000    0.000000   -0.793580   -0.608466 2023.267456 2739.161621   40.056847  1999503360          -1          77   981663744           0          -1          -1           1      101192           0           0           1           1           0
p 059           1 0 2113208350        6173           8           0    1.000000    0.000000    0.000000    0.000000    1.000000 2055.159912 2710.798828   40.050003  1999503360          -1          77   981663744           0          -1          -1           1        6173           0           0           1           1           0
p 059           1 0 2113273872       64271           8           0    1.000000    0.000000    0.000000    0.000000    1.000000 2070.000000 2632.500000   40.147156  1999503360          -1          77   981663744           0          -1          -1           1       64271           0           0           0           0           0
p 052  1999503360          27          27          42      101351          -1          -1          -1          -1          -1          -1          -1          -1          -1      137975          -1      160591       87030       50549       71150         151         151           0          -1          63          96          96  115.686188  129.967865   15.791664  135.606171  129.967804   56.016579  135.824127  129.967834   15.215002  155.744110  129.967834   56.593239         613           0           0           0           1  2011889815       90295    0.000000    0.000000    0.000000    1.000000 1620.000000 2520.000000   27.000000          -1          -1
p 068  2011889815       90295    0.000000    0.000000    0.000000    1.000000 1620.000000 2520.000000   27.000000  1999503360           0
p 052  1999503360          27          35          42       91324       91133          -1          -1          -1          -1          -1          -1          -1          -1      137975          -1      160276       87030       50549       71150         143         143           0          24          63          32          32   40.000000   40.000000    3.064879   40.000000   40.000000    6.122628   40.000000   40.000000    3.064879   40.000000   40.000000    6.122628         921           0           0           0           0  2020671773      103249    0.000000    0.000000    0.000000    1.000000 2220.000000 2620.000000   27.000000  2011365519          -1
p 068  2020671773      103249    0.000000    0.000000    0.000000    1.000000 2220.000000 2620.000000   27.000000  1999503360           0
p 059           1 0 2069364761      101192           0           0    1.000000    0.000000    0.000000    0.851051    0.525083 2170.852051 2728.637207   40.056847  1999503360          -1      160276       87030       50549          -1          -1           1      101192           0           0           1           1           0
p 059           1 0 2069299232      101192           0           0    1.000000    0.000000    0.000000    0.212320    0.977200 2168.459473 2724.612793   40.056847  1999503360          -1          77   981663744           0          -1          -1           1      101192           0           0           1           1           0
p 059           1 0 2070741184       89965          16           0    1.000000    0.000000    0.000000    0.000000    1.000000 2134.716797 2687.381592   40.056847  1999503360          -1          77   981663744           0          -1          -1           1       89965           0           0           1           1           0
p 059           1 0 2070479047      188230          16           0    1.200000    0.000000    0.000000    0.897514    0.440986 2134.257813 2687.897705   40.147133  1999503360          -1          77   981663744           0          -1          -1           1      188230           0           2           1           1           0
p 059           1 0 2069954768       97760          16           0    1.000000    0.000000    0.000000    0.000000    1.000000 2156.875977 2630.069580   40.099365  1999503360          -1          77   981663744           0          -1          -1           1       97760           0           0           1           1           0
p 059           1 0 2069889234        6172          16           0    1.000000    0.000000   -0.000000    0.729270    0.684227 2146.449707 2723.184326   40.986282  1999503360          -1          77   981663744           0          -1          -1           1        6172           0           0           1           1           0
p 059           1 0 2069823699        6162          16           0    1.000000    0.000000    0.000000    0.027876    0.999611 2158.466309 2741.539307   38.355301  1999503360          -1          77   981663744           0          -1          -1           1        6162           0           0           1           1           0
p 059           1 0 2113994772        6131           8           0    1.000000    0.000000    0.000000    0.419712    0.907658 2078.000000 2787.000000   43.817116  1999503360          -1          77   981663744           0          -1          -1           1        6131           0           0           1           1           0
p 059           1 0 2114060514      201914          24           0    1.000000    0.000000    0.000000    0.000000    1.000000 1991.666382 2761.413330   40.746723  1999503360          -1          81           0           0          -1          -1           1      201914           0           0           1           1           0
p 059           1 0 2114126037      201913          24           0    1.000000    0.000000    0.000000    0.000000    1.000000 1992.040771 2761.658936   43.420868  1999503360          -1          77   981663744           0          -1          -1           1      201913           0           0           1           1           0
p 059           1 0 2114191412         464           8           0    1.000000    0.000000    0.000000    0.000000    1.000000 2052.125488 2797.024902   40.147137  1999503360           0          77           1 -2013977798          -1          -1           1         464           0           0           1           1           0
p 059           1 0 2114257108      101192           8           0    1.000000    0.000000    0.000000   -0.675160   -0.737671 1976.113037 2754.354980   40.056847  1999503360           0          77   981663744           0          -1          -1           1      101192           0           0           1           1           0
p 059           1 0 2114322621        6172          24           0    1.000000    0.000000    0.000000   -0.699544    0.714589 2044.531982 2808.244629   37.764637  1999503360           0          77   981663744           0          -1          -1           1        6172           0           0           1           1           0
p 059           1 0 2114388155      173325           8           0    1.000000    0.000000    0.000000    0.743956   -0.668228 2063.294922 2803.092041   40.033325  1999503360           0          77   981663744           0          -1          -1           1      173325           0           0           1           1           0
p 052  1999503360          27          27          46      101351       19929          -1          -1          -1          -1          -1          -1          -1          -1      137975          -1      160591       87030       50549       71150         152         152           0          -1          63          96          96  120.879822  124.414200   20.973587  141.514832  134.452621   49.974831  120.879822  124.414200   20.973587  141.514832  134.452621   49.974831         592        1067           0           0           1  2011955352       90293    0.000000    0.000000    0.000000    1.000000 1620.000000 2760.000000   27.000000          -1          -1
p 068  2011955352       90293    0.000000    0.000000    0.000000    1.000000 1620.000000 2760.000000   27.000000  1999503360           0
p 059           1 0 2114453690      101192           8           0    1.000000    0.000000    0.000000   -0.267264   -0.963623 1969.904297 2754.589844   40.056847  1999503360          -1      160591       87030       50549          -1          -1           1      101192           0           0           1           1           0
p 059           1 0 2115240134        6172          24           0    1.000000    0.000000    0.000000   -0.728857    0.684666 1961.264893 2716.518799   34.269993  1999503360           0          77   981663744           0          -1          -1           1        6172           0           0           1           1           0
p 059           1 0 2115305566       89965          24           0    1.000000    0.000000    0.000000    0.983277   -0.182117 1966.982178 2776.408447   40.056847  1999503360           0          77   981663744           0          -1          -1           1       89965           0           0           1           1           0
p 059           1 0 2113798183        5466          16           0    1.000000    0.000000    0.000000    0.000000    1.000000 1981.250732 2783.228516   40.056831  1999503360           0          77   981663744           0          -1          -1           1        5466           0           0           1           1           0
p 059           1 0 2115371104        6173           8           0    1.000000    0.000000    0.000000    0.000000    1.000000 1960.546387 2697.799072   40.050003  1999503360           0          77   981663744           0          -1          -1           1        6173           0           0           1           1           0
p 059           1 0 2115436697        6162          24           0    1.000000    0.000000    0.000000    0.724306    0.689478 1956.837769 2689.366943   37.374161  1999503360           0          77   981663744           0          -1          -1           1        6162           0           0           1           1           0
p 059           1 0 2115502274      188229          24           0    1.200000    0.000000    0.000000    0.179109    0.983829 1962.451172 2783.115967   40.147133  1999503360           0          77   981663744           0          -1          -1           1      188229           0           0           1           1           0
p 059           1 0 2113667133      192164           0           0    1.000000    0.000000    0.000000    0.000000    1.000000 1976.710083 2788.135986   41.229565  1999503360           0          77   981663744           0          -1          -1           1      192164           0           0           1           1           0
p 059           1 0 2070741184       89965          16           0    1.000000    0.000000    0.000000    0.000000    1.000000 2134.716797 2687.381592   40.056847  1999503360           0          77           1 -2013977798          -1          -1           1       89965           0           0           1           1           0
p 059           1 0 2070479047      188230          16           0    1.200000    0.000000    0.000000    0.897514    0.440986 2134.257813 2687.897705   40.147133  1999503360           0          77   981663744           0          -1          -1           1      188230           0           2           1           1           0
p 059           1 0 2069823699        6162          16           0    1.000000    0.000000    0.000000    0.027876    0.999611 2158.466309 2741.539307   38.355301  1999503360           0          77   981663744           0          -1          -1           1        6162           0           0           1           1           0
p 059           1 0 2112684259        6652           0           0    1.600000    0.000000    0.000000    0.935177    0.354180 2130.574463 2680.168701   40.156845  1999503360           0          77   981663744           0          -1          -1           1        6652           0           0           0           0           0
p 052  1999503360          27          35          38       91324          -1          -1          -1          -1          -1          -1          -1          -1          -1      137975          -1      160591       87030       50549       71150         142         142           0          24          63          96          96  121.363312  130.183823   12.376104  130.275299  130.183823   33.504158  121.363312  130.183823   12.376106  130.275299  130.183823   33.504158        1899           0           0           0           1  2011299982       90299    0.000000    0.000000    0.000000    1.000000 2100.000000 2280.000000   27.000000          -1          -1
p 068  2011299982       90299    0.000000    0.000000    0.000000    1.000000 2100.000000 2280.000000   27.000000  1999503360           0
p 052  1999503360          27          35          38       91324          -1          -1          -1          -1          -1          -1          -1          -1          -1      137975          -1      160591       87030       50549       71150         142         142           0          24          63          32          32   40.000000   40.000000    9.916815   40.000000   40.000000    9.916819   40.000000   40.606804    9.756170   40.000000   40.606804   10.077463         978           0           0           0           1  2020737310      103268    0.000000    0.000000    0.000000    1.000000 2115.000000 2430.000000   27.000000  2011299982          -1
p 068  2020737310      103268    0.000000    0.000000    0.000000    1.000000 2115.000000 2430.000000   27.000000  1999503360           0
p 059           1 0 2115829853        6644           8           0    1.350000    0.000000    0.000000    0.996094    0.088294 2127.683105 2788.065430   40.156841  1999503360           0      160591           1 -2013977798          -1          -1           1        6644           0           0           1           1           0
p 059           1 0 2115895388        6644           8           0    1.350000    0.000000    0.000000    0.778456   -0.627699 2143.130127 2774.977539   40.156845  1999503360           0          77  1081262080           0          -1          -1           1        6644           0           0           1           1           0
p 059           1 0 2115960922        6652           8           0    1.600000    0.000000    0.000000    0.946064    0.323979 2074.714355 2833.621338   40.156845  1999503360           0          77  1084604416           0          -1          -1           1        6652           0           0           0           0           0
p 059           1 0 2116026451        6652           8           0    1.600000    0.000000    0.000000    0.382689   -0.923877 2062.740967 2829.301025   40.156849  1999503360           0          77  1092460544           0          -1          -1           1        6652           0           0           0           0           0
p 059           1 0 2116091962        6172          24           0    1.000000    0.036440   -0.134784    0.093039    0.985824 2113.792480 2843.647949   39.764618  1999503360           0          77  1091747840           0          -1          -1           1        6172           0           0           1           1           0
p 059           1 0 2116157471        6644           8           0    1.350000    0.000000    0.000000    0.087143   -0.996196 2074.941406 2836.289063   40.156845  1999503360           0          77   981663744           0          -1          -1           1        6644           0           0           0           0           0
p 059           1 0 2116223144        6644           8           0    1.350000    0.000000    0.000000    0.735340    0.677698 2077.387939 2835.759521   40.156845  1999503360           0          77  1078362112           0          -1          -1           1        6644           0           0           0           0           0
p 059           1 0 2116288675      188227          24           0    1.200000    0.000000    0.000000    0.867043    0.498234 2077.379883 2835.859131   40.389679  1999503360           0          77  1082417152           0          -1          -1           1      188227           0           3           1           1           0
p 059           1 0 2113929239        4675          16           0    1.000000    0.000000    0.000000    0.999703    0.024361 1934.570801 2791.093018   40.119144  1999503360           0          77   981663744           0          -1          -1           1        4675           0           0           1           1           0
p 059           1 0 2113863717        5991          16           0    1.000000    0.000000    0.000000    0.000000    1.000000 1917.556885 2783.055664   36.375595  1999503360           0          67           0           0          -1          -1           1        5991           0           0           1           1           0
p 059           1 0 2113732659        5466          16           0    1.000000    0.000000    0.000000    0.000000    1.000000 1904.968506 2778.399414   27.448410  1999503360           0          77   981663744           0          -1          -1           1        5466           0           0           1           1           0
p 059           1 0 2116354208        6644           8           0    1.350000    0.000000    0.000000    0.586331   -0.810072 2076.621338 2838.165527   40.156845  1999503360           0          77   981663744           0          -1          -1           1        6644           0           0           0           0           0
p 059           1 0 2112422113      180941          16           0    1.000000    0.000000    0.000000    0.000000    1.000000 1991.747437 2667.045654   40.083260  1999503360           0          77           1 -2013977798          -1          -1           1      180941           0           0           1           1           0
p 059           1 0 2112553027        3795          16           0    3.000000    0.000000    0.000000    0.000000    1.000000 2001.038452 2604.183350   25.808266  1999503360           0          77   981663744           0          -1          -1           1        3795           0           0           1           1           0
p 059           1 0 2116419798      108466           8           0    1.000000    0.000000    0.000000    0.000000    1.000000 1931.299561 2792.013672   39.637272  1999503360           0          77           1 -2013977798          -1          -1           1      108466           0           0           1           1           0
p 052  1999503360          27          23          46       19938       19933          -1          -1          -1          -1          -1          -1          -1          -1      137975          -1      160934       87030       50549       71150         156         156           0          -1          63          96          96  130.025940  115.700424   28.100021  136.901978  124.299637   47.631088  130.025940  115.700424   28.100021  136.901978  124.299637   47.631088        1513         515           0           0           0  2012217500       93992    0.000000    0.000000    0.000000    1.000000 1380.000000 2760.000000   27.000000          -1          -1
p 068  2012217500       93992    0.000000    0.000000    0.000000    1.000000 1380.000000 2760.000000   27.000000  1999503360           0
p 052  1999503360           0          47          46       19947      156038      202446          -1          -1           0          -1          -1           0          -1      132856          -1      160591       87030       78368       71150           1           1           0          -1          63          96          96  118.384277  119.131592   43.571331  134.230713  131.581055   43.571331  113.464981  119.131592   43.571331  139.150009  131.581055   43.571331        2111         881         493           0           9  2002059265       33348    0.000000    0.000000    0.000000    1.000000 2820.000000 2760.000000    0.000000          -1          -1
p 068  2002059265       33348    0.000000    0.000000    0.000000    1.000000 2820.000000 2760.000000    0.000000  1999503360           2
p 052  1999503360           0          43          46      202446          -1       19947          -1          -1           0          -1          -1           0          -1      137975          -1      160591       87030       78368       71150           0           0           0          -1          63          96          96  119.827881  126.401245   36.269424  130.634521  128.511108   40.503021  122.889893  126.401245   36.269424  133.696533  128.511108   40.503021         789           0         155           0           9  2001993728       33347    0.000000    0.000000    0.000000    1.000000 2580.000000 2760.000000    0.000000          -1          -1
p 068  2001993728       33347    0.000000    0.000000    0.000000    1.000000 2580.000000 2760.000000    0.000000  1999503360           2
p 052  1999503360           0          51          46       19947      156038          -1          -1          -1           0          -1          -1           0          -1      132856          -1      160591       87030       78368       71150           2           2           0          -1          63          96          96  115.938721  125.257813   43.828789  124.061523  131.665527   57.269234  115.938721  125.257813   43.828789  124.061523  131.665527   57.269234           0        1224           0           0           9  2002124802       33349    0.000000    0.000000    0.000000    1.000000 3060.000000 2760.000000    0.000000          -1          -1
p 068  2002124802       33349    0.000000    0.000000    0.000000    1.000000 3060.000000 2760.000000    0.000000  1999503360           2
p 052  1999503360           0          47          42       19947          -1          -1          -1          -1           0          -1          -1           0          -1      132856          -1      160591       87030       78368       71150          54          54           0          23          63          96          96  120.019287  126.457520   27.891876  128.838867  133.274170   41.332329  120.019287  126.457520   26.408272  128.838867  133.274170   42.815933        2362           0           0           0           9  2005532726       33342    0.000000    0.000000    0.000000    1.000000 2820.000000 2520.000000    0.000000          -1          -1
p 068  2005532726       33342    0.000000    0.000000    0.000000    1.000000 2820.000000 2520.000000    0.000000  1999503360           2
p 052  1999503360           0          43          42       19947          -1          -1          -1          -1           0          -1          -1           0          -1      132856          -1      160591       87030       78368       71150          55          55           0          -1          63          96          96  120.920288  118.929260   20.208996  125.859497  128.592224   36.578388  120.920288  118.929260   20.208996  125.859497  128.592224   36.578388         208           0           0           0           9  2005598263        1904    0.000000    0.000000    0.000000    1.000000 2580.000000 2520.000000    0.000000          -1          -1
p 068  2005598263        1904    0.000000    0.000000    0.000000    1.000000 2580.000000 2520.000000    0.000000  1999503360           2
p 052  1999503360           0          47          38       19954          -1          -1          -1          -1           0          -1          -1           0          -1      141670          -1      162552       87030       63337       71150          76          76           0          -1          63          96          96  111.859375  125.371460   15.531509  128.907715  132.945435   32.496948  111.859375  125.371460   15.531509  128.907715  132.945435   32.496948        1081           0           0           0           1  2006974540       33337    0.000000    0.000000    0.000000    1.000000 2820.000000 2280.000000    0.000000          -1          -1
p 068  2006974540       33337    0.000000    0.000000    0.000000    1.000000 2820.000000 2280.000000    0.000000  1999503360           0
p 052  1999503360          27          39          46       91324          -1          -1          -1          -1          -1          -1       80730          -1          -1      137975          -1      160591       87030       50549       71150         138         138           0          -1          63          96          96  117.392395  114.817245   13.621546  135.777771  125.182816   29.990938  136.798538  114.817245   13.621546  155.183914  125.182816   29.990938        1969           0           0           0           1  2011037834       90279    0.000000    0.000000    0.000000    1.000000 2340.000000 2760.000000   27.000000          -1          -1
p 068  2011037834       90279    0.000000    0.000000    0.000000    1.000000 2340.000000 2760.000000   27.000000  1999503360           0
p 059           1 0 2116747319       84542           8           0    1.130000    0.000024   -0.004572    0.712870    0.701281 2892.500000 2802.661133   23.982973  1999503360          -1      160591       87030       50549          -1          -1           1       84542           0           0           1           1           0
p 059           1 0 2116812892        6442           8           0    1.000000    0.000000    0.000000   -0.385069    0.922888 2981.730469 2835.009277   24.663439  1999503360           0         460           1           1          -1          -1           1        6442           0           0           1           1           0
p 059           1 0 2116878426      176779           8           0    1.000000    0.000000    0.000000    0.922040   -0.387094 3026.481934 2856.695068   23.945328  1999503360           0          77   981663744           0          -1          -1           1      176779           0           0           1           1           0
p 059           1 0 2116943955      176760           8           0    1.000000    0.000000    0.000000    0.000000    1.000000 2869.783203 2855.082764   23.945320  1999503360           0          77   981663744           0          -1          -1           1      176760           0           0           1           1           0
p 059           1 0 2117009439      176755           8           0    1.000000    0.000000    0.000000    0.000000    1.000000 3020.223633 2861.322021   23.945328  1999503360           0          77   981663744           0          -1          -1           1      176755           0           0           1           1           0
p 059           1 0 2117075153      176779           8           0    1.000000    0.000000    0.000000    0.179186    0.983815 2877.517822 2854.925537   23.945316  1999503360           0          77   981663744           0          -1          -1           1      176779           0           0           1           1           0
p 059           1 0 2117140664      176764           8           0    1.000000    0.000000    0.000000   -0.506628    0.862165 2880.201660 2846.427002   23.945324  1999503360           0          77   981663744           0          -1          -1           1      176764           0           0           1           1           0
p 059           1 0 2117206111      176777           8           0    1.000000    0.000000    0.000000    0.985925   -0.167186 2868.192627 2864.133545   23.945324  1999503360           0          77   981663744           0          -1          -1           1      176777           0           0           1           1           0
p 059           1 0 2117271697      176772           8           0    1.000000    0.000000    0.000000   -0.528557    0.848898 2860.289063 2859.434082   23.945324  1999503360           0          77   981663744           0          -1          -1           1      176772           0           0           1           1           0
p 059           1 0 2117337270      176769           8           0    1.000000    0.000000    0.000000   -0.335628    0.941995 2876.780029 2835.770996   23.945320  1999503360           0          77   981663744           0          -1          -1           1      176769           0           0           1           1           0
p 059           1 0 2117468222        4675          24           0    1.000000    0.000000    0.000000    0.572838    0.819669 2930.864502 2847.839844   23.835508  1999503360           0          77   981663744           0          -1          -1           1        4675           0           0           1           1           0
p 059           1 0 2117533734        4675          24           0    1.000000    0.000000    0.000000    0.211176    0.977448 2943.416016 2819.508057   23.846363  1999503360           0          67           0           0          -1          -1           1        4675           0           0           1           1           0
p 059           1 0 2117599267        4675          24           0    1.000000    0.000000    0.000000    0.572838    0.819669 2931.454590 2851.744629   28.250633  1999503360           0          67           0           0          -1          -1           1        4675           0           0           1           1           0
p 059           1 0 2117664796        4675          24           0    1.000000    0.000000    0.000000   -0.770731    0.637161 2933.726563 2851.518799   28.063866  1999503360           0          67           0           0          -1          -1           1        4675           0           0           1           1           0
p 059           1 0 2117730326      191492           8           0    1.000000    0.000000    0.000000    0.000000    1.000000 2985.958740 2795.399414   23.945314  1999503360           0          67           0           0          -1          -1           1      191492           0           0           1           1           0
p 059           1 0 2117795855      112131           8           0    1.000000    0.000000    0.000000   -0.598905    0.800820 3030.793701 2770.090088   23.945320  1999503360           0          77   981663744           0          -1          -1           1      112131           0           0           1           1           0
p 059           1 0 2117861388      141508           8           0    1.130000    0.000000    0.000000    0.616132    0.787643 3022.005127 2778.869385   23.945328  1999503360           0          67           0           0          -1          -1           1      141508           0           0           1           1           0
p 059           1 0 2117992451        4675          24           0    1.000000    0.000000    0.000000    0.000000    1.000000 2922.286377 2796.864258   23.945313  1999503360      129394         460           1           1          -1          -1           1        4675           0           0           1           1           0
p 059           1 0 2118057986      136291           8           0    1.000000    0.000000    0.000000    0.997067    0.076541 2920.870117 2779.655273   23.945313  1999503360      129394          67           0           1          -1          -1           1      136291           0           0           1           1           0
p 059           1 0 2118123521        4675          24           0    1.000000    0.000000    0.000000    0.000000    1.000000 2938.308838 2814.277100   23.873192  1999503360      129394          69           1           0          -1          -1           1        4675           0           0           1           1           0
p 059           1 0 2118189056        4675          24           0    1.000000    0.000000    0.000000    0.000000    1.000000 2894.062012 2819.540283   23.945328  1999503360      129394          67           0           0          -1          -1           1        4675           0           0           1           1           0
p 059           1 0 2118254666        4675          24           0    1.000000    0.000000    0.000000    0.000000    1.000000 2841.564209 2851.995117   23.945328  1999503360      129394          67           0           0          -1          -1           1        4675           0           0           1           1           0
p 059           1 0 2118320316        4675          24           0    1.000000    0.000000    0.000000    0.000000    1.000000 2879.040527 2806.108154   23.945320  1999503360      129394          67           0           0          -1          -1           1        4675           0           0           1           1           0
p 059           1 0 2118385743        4675          24           0    1.000000    0.000000    0.000000    0.000000    1.000000 2972.527588 2799.993408   23.945320  1999503360      129394          67           0           0          -1          -1           1        4675           0           0           1           1           0
p 059           1 0 2118451278        4675          24           0    1.000000    0.000000    0.000000    0.000000    1.000000 3013.640625 2800.702637   23.945320  1999503360      129394          67           0           0          -1          -1           1        4675           0           0           1           1           0
p 059           1 0 2118516780        4675          24           0    1.000000    0.000000    0.000000    0.000000    1.000000 2989.969727 2849.609131   23.945320  1999503360      129394          67           0           0          -1          -1           1        4675           0           0           1           1           0
p 059           1 0 2118582306        4675          24           0    1.000000    0.000000    0.000000    0.000000    1.000000 2944.487061 2863.539795   23.797028  1999503360      129394          67           0           0          -1          -1           1        4675           0           0           1           1           0
p 059           1 0 2118647841      110982           8           0    1.130000    0.000000    0.000000    0.949643    0.313333 2979.582764 2867.991699   24.000217  1999503360      129394          67           0           0          -1          -1           1      110982           0           0           1           1           0
p 059           1 0 2118778904        4675          24           0    1.000000    0.000000    0.000000    0.000000    1.000000 2845.436279 2857.006836   23.945313  1999503360      129394         341           1           0          -1          -1           1        4675           0           0           1           1           0
p 059           1 0 2118844426      151756           8           0    1.130000    0.000000    0.000000    0.194266    0.980949 2972.106934 2869.525635   23.931862  1999503360      129394          67           0           0          -1          -1           1      151756           0           0           1           1           0
p 059           1 0 2118909961        4675          24           0    1.000000    0.000000    0.000000    0.000000    1.000000 2921.904541 2782.768799   24.685665  1999503360      129394         341           1           0          -1          -1           1        4675           0           0           1           1           0
p 059           1 0 2118975494      178293          24           0    0.632705    0.000000    0.000000    0.691983    0.721914 2993.722168 2782.085693   24.328314  1999503360      129394          67           0           0          -1          -1           1      178293           0           0           1           1           0
p 059           1 0 2119041029        4675          24           0    1.000000    0.000000    0.000000   -0.359991    0.932956 2939.891602 2798.310547   23.945320  1999503360      129394          81           0           0          -1          -1           1        4675           0           0           1           1           0
p 059           1 0 2119106626      156111          24           0    1.000000    0.000000    0.000000    0.000000    1.000000 3002.507080 2843.754883   23.945313  1999503360      129394          67           0           0          -1          -1           1      156111           0           0           1           1           0
p 059           1 0 2119237680        5466          24           0    1.000000    0.000000    0.000000    0.000000    1.000000 2973.245850 2827.689209   24.874111  1999503360      129394          77   981663744           0          -1          -1           1        5466           0           0           1           1           0
p 059           1 0 2119434315        4675          24           0    1.000000    0.000000    0.000000    0.000000    1.000000 2990.737793 2828.897217   23.945328  1999503360      129394          77   981663744           0          -1          -1           1        4675           0           0           1           1           0
p 059           1 0 2119499797        5502           8           0    1.000000    0.000000    0.000000    0.637934    0.770091 2993.916504 2791.820068   23.945313  1999503360      129394          67           0           0          -1          -1           1        5502           0           0           1           1           0
p 059           1 0 2119630999      141246           8           0    1.130000    0.000000    0.000000    0.776218    0.630464 2884.538574 2799.290771   23.945328  1999503360      129394          77   981663744           0          -1          -1           1      141246           0           0           1           1           0
p 059           1 0 2119696468      101123           8           0    1.000000    0.000000    0.000000    0.000000    1.000000 2915.467285 2845.922119   23.821932  1999503360      129394         460           1           1          -1          -1           1      101123           0           0           1           1           0
p 059           1 0 2119958568        4675          24           0    1.000000    0.000000    0.000000    0.928714   -0.370797 2842.757324 2872.921143   23.945320  1999503360      129394         460           1           1          -1          -1           1        4675           0           0           1           1           0
p 059           1 0 2120024106        5466          24           0    1.000000    0.000000    0.000000    0.000000    1.000000 2924.000000 2802.000000   23.945324  1999503360      129394          67           0           1          -1          -1           1        5466           0           0           1           1           0
p 059           1 0 2120089643        5502           8           0    1.000000    0.000000    0.000000    0.637934    0.770091 2922.000000 2787.000000   23.945313  1999503360      129394          77   981663744           0          -1          -1           1        5502           0           0           1           1           0
p 059           1 0 2120155311      205665           8           0    1.130000    0.000000    0.000000    0.000000    1.000000 2847.291504 2845.496826   23.903776  1999503360      129394          77   981663744           0          -1          -1           1      205665           0           0           1           1           0
p 059           1 0 2120220732      130400           8           0    1.000000    0.000010    0.000032    0.022488    0.999747 2970.619141 2789.914795   23.945313  1999503360      129394         460           1           1          -1          -1           1      130400           0           0           1           1           0
p 059           1 0 2120286267      178293          24           0    0.532348    0.000000    0.000000   -0.661510   -0.749937 2922.385254 2780.862305   24.738823  1999503360       62731         460           1           0          -1          -1           1      178293           0           0           1           1           0
p 059           1 0 2120351947        6312           8           0    1.000000    0.000000    0.000000    0.978940   -0.204147 2820.004883 2872.143066   23.945313  1999503360       62731          81           0           0          -1          -1           1        6312           0           0           1           1           0
p 059           1 0 2120417457        5502           8           0    1.000000    0.000000    0.000000   -0.792499    0.609874 2970.149414 2860.753906   23.945313  1999503360       62731          69           1           0          -1          -1           1        5502           0           0           1           1           0
p 059           1 0 2120548514        3739           8           0    1.300000    0.000000    0.000000    0.874776    0.484527 2959.910889 2798.617920   23.945343  1999503360       62731          77   981663744           0          -1          -1           1        3739           0           0           1           1           0
p 059           1 0 2120614045        4580           9           0    1.350000    0.000000    0.000000    0.625156    0.780500 2944.935547 2799.990967   23.945332  1999503360       62731         560           1           1          -1          -1           1        4580           0           0           1           1           0
p 059           1 0 2120745109      178396           9           0    1.130000    0.000000    0.000000    0.498303    0.867003 2893.606934 2779.572021   23.900902  1999503360           0           0 -2091504072           0          -1          -1           1      178396           0           0           1           1           0
p 059           1 0 2121728167       79985           8           0    1.000000    0.000000    0.000000    0.905716   -0.423885 2998.968506 2898.613525   51.096687  1999503360           0         345           0           1          -1          -1           1       79985           0           0           1           1           0
p 059           1 0 2121924690       84536           8           0    1.400000    0.004162   -0.001892    0.935310   -0.353801 3017.213623 2818.715088   24.415960  1999503360           0          77   981663744           0          -1          -1           1       84536           0           0           1           1           0
p 059           1 0 2122186976        5997           8           0    1.130000    0.000004    0.000034   -0.103960    0.994581 2945.995361 2830.297119   23.945313  1999503360      129394         460           1           1          -1          -1           1        5997           0           0           1           1           0
p 059           1 0 2122252511        5014           8           0    1.000000    0.000000    0.000000    0.024231   -0.999706 2931.093994 2763.358154   45.876450  1999503360       62731         460           1           0          -1          -1           1        5014           0           0           1           1           0
p 059           1 0 2122318046      123714          24           0    1.000000    0.000028    0.000063    0.382683    0.923880 2965.149658 2834.932617   24.045643  1999503360       62731          77  1065353216           0          -1          -1           1      123714           0           0           1           1           0
p 059           1 0 2122383581      123715          24           0    1.000000    0.000028    0.000063    0.382683    0.923880 2982.040527 2851.403809   24.496334  1999503360       62731          77   981663744           0          -1          -1           1      123715           0           0           1           1           0
p 059           1 0 2122449116      123716          24           0    1.000000    0.000028    0.000063    0.382683    0.923880 2982.223877 2818.409180   23.981434  1999503360       62731          77   981663744           0          -1          -1           1      123716           0           0           1           1           0
p 059           1 0 2122514651      123717          24           0    1.000000    0.000028    0.000063    0.382683    0.923880 2998.413330 2835.341553   24.368046  1999503360       62731          77   981663744           0          -1          -1           1      123717           0           0           1           1           0
p 059           1 0 2122580186      103719           8           0    1.000000    0.000000    0.000000    0.011603    0.999933 2981.230469 2785.814453   23.945313  1999503360       62731          77   981663744           0          -1          -1           1      103719           0           0           1           1           0
p 059           1 0 2122711256      176763           8           0    1.000000    0.000000    0.000000    0.863353    0.504600 2815.123535 2862.261963   24.048912  1999503360       62731          81           0           0          -1          -1           1      176763           0           0           1           1           0
p 059           1 0 2123038728      213414           8           0    1.000000    0.000000    0.000000    0.000000    1.000000 2911.914307 2701.931396   23.775848  1999503360       62731          81           0           0          -1          -1           1      213414           0           0           1           1           0
p 059           1 0 2123104395      110982           8           0    1.130000    0.000000    0.000000   -0.433845    0.900988 3007.197754 2712.854004   23.765160  1999503360       62731          81           0           0          -1          -1           1      110982           0           0           1           1           0
p 059           1 0 2125004919      213413           8           0    1.000000    0.000000    0.000000    0.028657    0.999589 2982.561035 2561.852539    0.500000  1999503360       62731         341           1           0          -1          -1           1      213413           0           0           1           1           0
p 059           0 1 2121400408        3350          26           1   -1.#QNAN0    0.000000   -1.#QNAN0   -1.#QNAN0   -1.#QNAN0    0.000000   -1.#QNAN0    0.000000          -1  2120745109          20           9           0           2  -733831369          -1          -1           3           0           0           0           0
p 059           0 1 2121138316        5451          26           1    0.233276    0.000000   -1.#QNAN0    0.000000    0.000000    0.000000   -1.#QNAN0    0.000000 -2147483648  2120745109          20           5           0           2  -101312757          -1          -1           2           0           0           0           0
p 059           0 1 2121072781        3903          26           1    2.000000    0.000000    0.000000    0.000000    1.000000    0.000000    0.000000    0.000000  1088421888  2120745109          20           4           0           2 -1303415302          -1          -1           3           0           0           0           0
p 059           0 1 2121007246        5516          26           1    2.000000    0.000000    0.000000    0.000000    2.000000    0.000000    0.000000    0.000000  1073741824  2120745109          20           3           0           2  -270938921          -1          -1           1           0           0           0           0
p 059           0 1 2120941714        4645          26           1    2.000000    0.000000    0.000000    0.000000    2.000000    0.000000    0.000000    0.000000  1084227584  2120745109          20           2           0           2 -1656026178          -1          -1           3           0           0           0           0
p 059           0 1 2120876179        6319          26           1    4.000000    0.000000    0.000000    0.000000    2.000000    0.000000    0.000000    0.000000  1082130432  2120745109          20           1           0           2  1700547783          -1          -1           2           0           0           0           0
p 059           0 1 2120810644        3245          26           1    2.000000    0.000000    0.000000    0.000000    2.000000    0.000000    0.000000    0.000000  1095761920  2120745109          20           0           0           2  1661412390          -1          -1           3           0           0           0           0
p 059           0 1 2121334940        3432          26           1    2.000000    0.000000    0.000000    0.000000    1.000000    0.000000    0.000000    0.000000  1073741824  2120745109          20           8           0           2  2140880151          -1          -1           1           0           0           0           0
p 059           0 1 2121269406        4256          26           1   -0.000000    0.000000    0.000000    0.000000   -0.000000    0.000000    0.000000    0.000000  1084227584  2120745109          20           7           0           2 -1533914304          -1          -1           3           0           0           0           0
p 059           0 1 2121203871        3799          26           1    0.250000    0.000000    0.000000    0.000000    0.000000    0.000000    0.000000    0.000000 -2147483648  2120745109          20           6           0           2  1612257704          -1          -1           4           0           0           0           0
p 059           0 1 2121466026        4825          26           1    0.250000    0.000000    0.000000    0.000000    1.000000    0.000000    0.000000    0.000000 -1843432756  2120745109          20          10           0           2 -1512732138          -1          -1           3           0           0           0           0
p 059           0 1 2121531563       56323          26           1 -127293346266138800000.000000    0.000000    0.000000    0.000000   -0.000000    0.000000    0.000000    0.000000  1084227584  2120745109          20          11           0           2  -875944878          -1          -1           3           0           0           0           0
p 059           0 1 2121597100        5259          26           1    2.000000    0.000000    0.000000    0.000000   -0.000000    0.000000    0.000000    0.000000 -2147483648  2120745109          20          12           0           2  1815806857          -1          -1           1           0           0           0           0
p 059           0 1 2121662637        5254          26           1    4.000000    0.000000    0.000000    0.000000    6.000000    0.000000    0.000000    0.000000  1043202048  2120745109          20          13           0           2 -1266506293          -1          -1           1           0           0           0           0
p 059           1 0 2124021894        4675          16           0    1.000000    0.000000    0.000000   -0.701369    0.712798 2969.196045 2587.910400    0.499771  1999503360           0      123152           1 -2013977798          -1          -1           1        4675           0           0           1           1           0
p 059           1 0 2123104395      110982           0           0    1.130000    0.000000    0.000000   -0.433845    0.900988 3007.197754 2712.854004   23.765160  1999503360           0          67           0 -2013977798          -1          -1           1      110982           0           0           1           1           0
p 059           1 0 2126512222       84538           8           0    1.400000    0.000000    0.000000    0.812914    0.582383 3010.616699 2706.845703   23.945313  1999503360           0         341           1           0          -1          -1           1       84538           0           0           1           1           0
p 059           1 0 2126577889      212510           9           0    1.000000    0.000000    0.000000    0.000000    1.000000 2918.468262 2717.686279   23.649618  1999503360      129394         560           1           0          -1          -1           1      212510           0           0           1           1           0
p 059           1 0 2124152964        4675          16           0    1.000000    0.000000    0.000000    0.000000    1.000000 2929.943604 2611.947754    0.499802  1999503360      129394         460           1           1          -1          -1           1        4675           0           0           1           1           0
p 059           1 0 2124087429        4675          16           0    1.000000    0.000078    0.000078    0.707107    0.707107 2918.627930 2607.905029    0.595879  1999503360           0      123152           1 -1587096077          -1          -1           1        4675           0           0           1           1           0
p 059           0 1 2126643366         487          26           1    0.000000    0.000000    0.000000 873174367469568.000000    0.000000    0.000000    0.000000    0.000000  1130430464  2024210513           0           6           0           2    88665050          -1          -1           3           0           0           0           0
p 059           1 0 2126708823      180941          24           0    1.000000    0.000000    0.000000    0.000000    1.000000 2955.780518 2803.433838   23.945335  1999503360           0         151  1082130432           1          -1          -1           1      180941           0           0           1           1           0
p 059           1 0 2116943955      176760           0           0    1.000000    0.000000    0.000000    0.000000    1.000000 2869.783203 2855.082764   23.945320  1999503360           0      123152           1  -588274611          -1          -1           1      176760           0           0           1           1           0
p 059           1 0 2117206111      176777           0           0    1.000000    0.000000    0.000000    0.985925   -0.167186 2868.192627 2864.133545   23.945324  1999503360           0      123152           1  -588274611          -1          -1           1      176777           0           0           1           1           0
p 059           1 0 2120155311      205665           0           0    1.130000    0.000000    0.000000    0.000000    1.000000 2847.291504 2845.496826   23.903776  1999503360           0      123152           1  -588274611          -1          -1           1      205665           0           0           1           1           0
p 059           1 0 2126774469      212511           9           0    1.000000    0.015398    0.004764    0.062026    0.997944 2920.424316 2687.380127   23.642536  1999503360      129394         460           1           1          -1          -1           1      212511           0           0           1           1           0
p 059           0 1 2120679574        3445          18           1    0.000000    0.617459    0.000000    0.000000    0.000000    0.359863    0.000000    0.000000           1  2120614045          24           0           0           2 -2091504072          -1          -1           1           0           0           0           0
p 059           1 0 2126839902       84536           8           0    1.400000    0.004162   -0.001892    0.935310   -0.353801 3017.213623 2818.715088   24.415960  1999503360           0         149  1084227584           1          -1          -1           1       84536           0           0           1           1           0
p 059           1 0 2118844426      151756           0           0    1.130000    0.000000    0.000000    0.194266    0.980949 2972.106934 2869.525635   23.931862  1999503360           0         460           1           1          -1          -1           1      151756           0           0           1           1           0
p 059           1 0 2118254666        4675          16           0    1.000000    0.000000    0.000000    0.000000    1.000000 2841.564209 2851.995117   23.945328  1999503360           0         341           1           0          -1          -1           1        4675           0           0           1           1           0
p 059           1 0 2117206111      176777           0           0    1.000000    0.000000    0.000000    0.985925   -0.167186 2868.192627 2864.133545   23.945324  1999503360           0          67           0           0          -1          -1           1      176777           0           0           1           1           0
p 059           1 0 2124021894        4675          16           0    1.000000    0.000000    0.000000   -0.701369    0.712798 2969.196045 2587.910400    0.499771  1999503360           0          67           0           0          -1          -1           1        4675           0           0           1           1           0
p 059           1 0 2123104395      110982           0           0    1.130000    0.000000    0.000000   -0.433845    0.900988 3007.197754 2712.854004   23.765160  1999503360           0          67           0           0          -1          -1           1      110982           0           0           1           1           0
p 059           1 0 2117271697      176772           0           0    1.000000    0.000000    0.000000   -0.528557    0.848898 2860.289063 2859.434082   23.945324  1999503360           0         341           1           0          -1          -1           1      176772           0           0           1           1           0
p 059           1 0 2117795855      112131           0           0    1.000000    0.000000    0.000000   -0.598905    0.800820 3030.793701 2770.090088   23.945320  1999503360           0         341           1           0          -1          -1           1      112131           0           0           1           1           0
p 059           1 0 2118778904        4675          16           0    1.000000    0.000000    0.000000    0.000000    1.000000 2845.436279 2857.006836   23.945313  1999503360           0          67           0           0          -1          -1           1        4675           0           0           1           1           0
p 059           1 0 2118647841      110982           0           0    1.130000    0.000000    0.000000    0.949643    0.313333 2979.582764 2867.991699   24.000217  1999503360           0          67           0           0          -1          -1           1      110982           0           0           1           1           0
p 059           1 0 2118516780        4675          16           0    1.000000    0.000000    0.000000    0.000000    1.000000 2989.969727 2849.609131   23.945320  1999503360           0         341           1           0          -1          -1           1        4675           0           0           1           1           0
p 059           1 0 2120351947        6312           0           0    1.000000    0.000000    0.000000    0.978940   -0.204147 2820.004883 2872.143066   23.945313  1999503360           0          67           0           0          -1          -1           1        6312           0           0           1           1           0
p 059           1 0 2127102128       84538           8           0    1.400000    0.000000    0.000000    0.812914    0.582383 3010.616699 2706.845703   23.945313  1999503360           0          69           1           0          -1          -1           1       84538           0           0           1           1           0
p 059           1 0 2119106626      156111          16           0    1.000000    0.000000    0.000000    0.000000    1.000000 3002.507080 2843.754883   23.945313  1999503360           0         560           1  -674087725          -1          -1           1      156111           0           0           1           1           0
p 059           1 0 2121728167       79985           0           0    1.000000    0.000000    0.000000    0.905716   -0.423885 2998.968506 2898.613525   51.096687  1999503360           0      123152           1   900245653          -1          -1           1       79985           0           0           1           1           0
p 059           1 0 2127102128       84538           0           0    1.400000    0.000000    0.000000    0.812914    0.582383 3010.616699 2706.845703   23.945313  1999503360           0          77   981663744           0          -1          -1           1       84538           0           0           1           1           0
p 059           1 0 2125004919      213413           0           0    1.000000    0.000000    0.000000    0.028657    0.999589 2982.561035 2561.852539    0.500000  1999503360           0         560           1           0          -1          -1           1      213413           0           0           1           1           0
p 059           1 0 2116878426      176779           0           0    1.000000    0.000000    0.000000    0.922040   -0.387094 3026.481934 2856.695068   23.945328  1999503360           0      123152           1  -381601186          -1          -1           1      176779           0           0           1           1           0
p 059           1 0 2117009439      176755           0           0    1.000000    0.000000    0.000000    0.000000    1.000000 3020.223633 2861.322021   23.945328  1999503360           0      123152           1  -381601186          -1          -1           1      176755           0           0           1           1           0
p 059           1 0 2122711256      176763           0           0    1.000000    0.000000    0.000000    0.863353    0.504600 2815.123535 2862.261963   24.048912  1999503360           0      123152           1  -381601186          -1          -1           1      176763           0           0           1           1           0
p 052  1999503360          27          31          46      101351       91133          -1          -1          -1          -1          -1          -1          -1          -1      137975          -1      160276       87030       50549       71150         148         148           0          -1          63          96          96  119.506165  114.089874   25.547520  140.780914  125.910187   42.737530  124.379150  114.089874   25.547520  145.653900  125.910187   42.737530          79        1347           0           0           1  2011693204       90196    0.000000    0.000000    0.000000    1.000000 1860.000000 2760.000000   27.000000          -1          -1
p 068  2011693204       90196    0.000000    0.000000    0.000000    1.000000 1860.000000 2760.000000   27.000000  1999503360           0
p 052  1999503360          27          35          46       91324       91133          -1          -1          -1          -1          -1          -1          -1          -1      137975          -1      160276       87030       50549       71150         144         144           0          -1          63          96          96  107.217636  104.123627   22.700306  149.088943  135.876434   29.502087  120.787308  104.123627   19.905621  162.658615  135.876434   32.296772        1200        1239           0           0           1  2011431056       90202    0.000000    0.000000    0.000000    1.000000 2100.000000 2760.000000   27.000000          -1          -1
p 068  2011431056       90202    0.000000    0.000000    0.000000    1.000000 2100.000000 2760.000000   27.000000  1999503360           0
p 052  1999503360          27          31          38       91324          -1          -1          -1          -1          -1          -1      106746           2          -1      137975          -1      160591       87030       50549       71150         146         146           0          -1          63          96          96  136.481812  135.282455   15.108280  136.481812  135.282455   31.477673  136.481812  135.282455   15.108280  136.481812  135.282455   31.477673         424           0           0           0           1  2011562130       90289    0.000000    0.000000    0.000000    1.000000 1860.000000 2280.000000   27.000000          -1          -1
p 068  2011562130       90289    0.000000    0.000000    0.000000    1.000000 1860.000000 2280.000000   27.000000  1999503360           0
p 052  1999503360          27          31          42      101351       91133          -1          -1          -1          -1          -1      107050          -1          -1      137975          -1      160276       87030       50549       71150         147         147           0          -1          63          96          96  114.180878  116.748047   19.284805  138.963470  136.522522   55.875038  115.050171  116.748047   19.284805  139.832764  136.522522   55.875038         275        1412           0           0           1  2011627667       90198    0.000000    0.000000    0.000000    1.000000 1860.000000 2520.000000   27.000000          -1          -1
p 068  2011627667       90198    0.000000    0.000000    0.000000    1.000000 1860.000000 2520.000000   27.000000  1999503360           0
p 052  1999503360          27          27          46      101351       19929          -1          -1          -1          -1          -1          -1          -1          -1      137975          -1      160591       87030       50549       71150         152         152           0          -1          63          96          96  120.879822  124.414200   20.973587  141.514832  134.452621   49.974831  120.879822  124.414200   20.973587  141.514832  134.452621   49.974831         592        1067           0           0           1  2011955352       90293    0.000000    0.000000    0.000000    1.000000 1620.000000 2760.000000   27.000000          -1          -1
p 068  2011955352       90293    0.000000    0.000000    0.000000    1.000000 1620.000000 2760.000000   27.000000  1999503360           0
p 052  1999503360          27          23          46       19938       19933          -1          -1          -1          -1          -1          -1          -1          -1      137975          -1      160934       87030       50549       71150         156         156           0          -1          63          96          96  130.025940  115.700424   28.100021  136.901978  124.299637   47.631088  130.025940  115.700424   28.100021  136.901978  124.299637   47.631088        1513         515           0           0           0  2012217500       93992    0.000000    0.000000    0.000000    1.000000 1380.000000 2760.000000   27.000000          -1          -1
p 068  2012217500       93992    0.000000    0.000000    0.000000    1.000000 1380.000000 2760.000000   27.000000  1999503360           0
p 059           1 0 2127298736        5466          24           0    1.000000    0.000000    0.000000    0.000000    1.000000 1941.485962 2787.017090   41.298172  1999503360          -1      160934       87030       50549          -1          -1           1        5466           0           0           1           1           0
p 059           1 0 2127364321        4675          24           0    1.000000    0.000000    0.000000    0.999703    0.024361 1934.570801 2791.093018   40.119144  1999503360          -1          77   981663744           0          -1          -1           1        4675           0           0           1           1           0
p 059           1 0 2127429846        5991          24           0    1.000000    0.000000    0.000000    0.000000    1.000000 1917.556885 2783.055664   36.375595  1999503360          -1          67           0           0          -1          -1           1        5991           0           0           1           1           0
p 059           1 0 2127495381        5466          24           0    1.000000    0.000000    0.000000    0.000000    1.000000 1981.250732 2783.228516   40.056831  1999503360          -1          77   981663744           0          -1          -1           1        5466           0           0           1           1           0
p 059           1 0 2127560898        5466          24           0    1.000000    0.000000    0.000000    0.000000    1.000000 1904.968506 2778.399414   27.448410  1999503360          -1          77   981663744           0          -1          -1           1        5466           0           0           1           1           0
p 059           1 0 2127626429      192164           8           0    1.000000    0.000000    0.000000    0.000000    1.000000 1976.710083 2788.135986   41.229565  1999503360          -1          77   981663744           0          -1          -1           1      192164           0           0           1           1           0
p 059           1 0 2127757475        6172          24           0    1.000000    0.000000    0.000000   -0.699544    0.714589 2044.531982 2808.244629   37.764637  1999503360          -1          77   981663744           0          -1          -1           1        6172           0           0           1           1           0
p 059           1 0 2127822909      188229          24           0    1.200000    0.000000    0.000000    0.179109    0.983829 1962.451172 2783.115967   40.147133  1999503360          -1          77   981663744           0          -1          -1           1      188229           0           0           1           1           0
p 059           1 0 2127888436      201913          24           0    1.000000    0.000000    0.000000    0.000000    1.000000 1992.040771 2761.658936   43.420868  1999503360          -1          77   981663744           0          -1          -1           1      201913           0           0           1           1           0
p 059           1 0 2127953971      108466           8           0    1.000000    0.000000    0.000000    0.000000    1.000000 1931.299561 2792.013672   39.637272  1999503360          -1          77   981663744           0          -1          -1           1      108466           0           0           1           1           0
p 059           1 0 2128019495      201914          24           0    1.000000    0.000000    0.000000    0.000000    1.000000 1991.666382 2761.413330   40.746723  1999503360          -1          77   981663744           0          -1          -1           1      201914           0           0           1           1           0
p 059           1 0 2128150551        3795          24           0    3.000000    0.000000    0.000000    0.000000    1.000000 2001.038452 2604.183350   25.808266  1999503360          -1          77   981663744           0          -1          -1           1        3795           0           0           1           1           0
p 059           1 0 2128347348      180941          24           0    1.000000    0.000000    0.000000    0.000000    1.000000 1991.747437 2667.045654   40.083260  1999503360          -1          77   981663744           0          -1          -1           1      180941           0           0           1           1           0
p 052  1999503360          27          27          42      101351          -1          -1          -1          -1          -1          -1          -1          -1          -1      137975          -1      160591       87030       50549       71150         151         151           0          -1          63          96          96  115.686188  129.967865   15.791664  135.606171  129.967804   56.016579  135.824127  129.967834   15.215002  155.744110  129.967834   56.593239         613           0           0           0           1  2011889815       90295    0.000000    0.000000    0.000000    1.000000 1620.000000 2520.000000   27.000000          -1          -1
p 068  2011889815       90295    0.000000    0.000000    0.000000    1.000000 1620.000000 2520.000000   27.000000  1999503360           0
p 059           1 0 2129461408      188229          24           0    1.200000    0.000000    0.000000    0.893199    0.449661 1997.352295 2669.891602   40.144989  1999503360          -1      160591       87030       50549          -1          -1           1      188229           0           0           1           1           0
p 059           1 0 2129526877      101192           8           0    1.000000    0.000000    0.000000   -0.793580   -0.608466 2023.267456 2739.161621   40.056847  1999503360          -1          77   981663744           0          -1          -1           1      101192           0           0           1           1           0
p 059           1 0 2129592503        6173           8           0    1.000000    0.000000    0.000000    0.000000    1.000000 1960.546387 2697.799072   40.050003  1999503360          -1          77   981663744           0          -1          -1           1        6173           0           0           1           1           0
p 059           1 0 2129658037        6162          24           0    1.000000    0.000000    0.000000    0.724306    0.689478 1956.837769 2689.366943   37.374161  1999503360          -1          77   981663744           0          -1          -1           1        6162           0           0           1           1           0
p 059           1 0 2129723571      101192           8           0    1.000000    0.000000    0.000000    0.051612   -0.998667 2023.059814 2742.767090   40.056847  1999503360          -1          77   981663744           0          -1          -1           1      101192           0           0           1           1           0
p 059           1 0 2129789102      101192           8           0    1.000000    0.000000    0.000000   -0.267264   -0.963623 1969.904297 2754.589844   40.056847  1999503360          -1          77   981663744           0          -1          -1           1      101192           0           0           1           1           0
p 059           1 0 2129854625        6172          24           0    1.000000    0.000000    0.000000   -0.728857    0.684666 1961.264893 2716.518799   34.269993  1999503360          -1          77   981663744           0          -1          -1           1        6172           0           0           1           1           0
p 059           1 0 2129920144      101192           8           0    1.000000    0.000000    0.000000   -0.675160   -0.737671 1976.113037 2754.354980   40.056847  1999503360          -1          77   981663744           0          -1          -1           1      101192           0           0           1           1           0
p 052  1999503360          27          23          42       19933          -1          -1          -1          -1          -1          -1          -1          -1          -1      137975          -1      160934       87030       50549       71150         155         155           0          -1          63          96          96  117.983521  115.520416   14.543209  142.909454  131.295685   63.588688  117.983521  115.520416   28.072266  142.909454  131.295685   77.117737        1281           0           0           0           0  2012151963       93994    0.000000    0.000000    0.000000    1.000000 1380.000000 2520.000000   27.000000          -1          -1
p 068  2012151963       93994    0.000000    0.000000    0.000000    1.000000 1380.000000 2520.000000   27.000000  1999503360           0
p 059           1 0 2128871497        4675          16           0    1.000000    0.000000    0.000000    0.000000    1.000000 1794.674072 2815.828613   20.643600  1999503360           0      160934       87030       50549          -1          -1           1        4675           0           0           1           1           0
p 059           1 0 2128871497        4675          16           0    1.000000    0.000000    0.000000    0.000000    1.000000 1794.674072 2815.828613   20.643600  1999503360           0          -1           1     2844506          -1          -1           1        4675           0           0           1           1           0
p 059           0 1 2120679574        3445          18           1    0.000000    5.887016    0.000000    0.000000    0.000000    0.359863    0.000000    0.000000           1  2120614045          24           0           0           2 -2091504072          -1          -1           1           0           0           0           0
p 059           1 0 2130510051      131540          24           0    1.000000    0.000000    0.000000    0.000000    1.000000 1815.280151 2781.231689   31.459793  1999503360           0         149  1084227584           1          -1          -1           1      131540           0           0           1           1           0
p 059           1 0 2130575499      201913          24           0    1.000000    0.000000    0.000000    0.000000    1.000000 1815.670898 2780.632324   32.557877  1999503360           0          77   981663744           0          -1          -1           1      201913           0           0           1           1           0
p 059           1 0 2130641034        6644           8           0    1.350000    0.000000    0.000000    0.161919    0.986804 1809.757324 2751.186768   27.100002  1999503360           0          -1          -1          -1          -1          -1           1        6644           0           0           0           0           0
p 059           1 0 2086993997        6172          16           0    0.829345    0.000000    0.000000    0.000000    1.000000 1763.761230 2729.209229   25.133072  1999503360           0          77  1084342272           0          -1          -1           1        6172           0           0           1           1           0
p 059           1 0 2087059532       79016           0           0    1.000000    0.000000    0.000000    0.719073    0.694935 1773.100708 2712.389648   27.061432  1999503360           0          -1   981663744        4580          -1          -1           1       79016           0           0           1           1           0
p 059           1 0 2130706567      123640           8           0    1.000000    0.000000    0.000000    0.378613    0.925555 1762.275391 2765.277344   26.999088  1999503360           0          77           1     2844506          -1          -1           1      123640           0           0           1           1           0
p 059           1 0 2130772005       99567           8           0    0.250000    0.000077    0.000028    0.939435   -0.342728 1826.856567 2766.285889   32.297035  1999503360           0          77           1     2844506          17       99567          -1          -1           0           0           0           0           0
p 059           1 0 2130837640       99574          26           0    1.000000    0.000000    0.000000    0.774306    0.632811 1812.915649 2754.552246   27.100002  1999503360           0          77           1     2844506          17       99574          -1          -1           0           0           0           0           0
p 059           1 0 2087387207      187436          16           0    1.130000    0.000000    0.000000    0.998465    0.055394 1696.152954 2748.106934   36.133423  1999503360           0          77           1     2844506          -1          -1           1      187436           0           0           1           1           0
p 059           1 0 2087321685      103772          16           0    1.000000    0.000000    0.000000    0.000000    1.000000 1686.035278 2751.398193   36.790474  1999503360           0          77   981663744           0          -1          -1           1      103772           0           0           1           1           0
p 059           1 0 2130903176      188229          24           0    1.200000    0.000000    0.000000    0.896946   -0.442139 1762.128296 2913.364990   20.304729  1999503360           0          -1           1     2844506          -1          -1           1      188229           0           1           1           1           0
p 059           1 0 2128740505      167272          16           0    1.000000    0.000000    0.000000   -0.161435    0.986883 1769.532349 2913.490234   19.634460  1999503360           0          77   981663744           0          -1          -1           1      167272           0           0           1           1           0
p 059           1 0 2130968714       80233           8           0    1.000000    0.000000    0.000000   -0.172948    0.984931 1751.589111 2915.858154   19.438412  1999503360           0          67           0           0          -1          -1           1       80233           0           0           1           1           0
p 059           1 0 2131034149       80237           8           0    0.800000    0.000000    0.000000    0.881661   -0.471882 1753.557983 2918.489258   19.917843  1999503360           0          77   981663744           0          -1          -1           1       80237           0           0           1           1           0
p 059           1 0 2129133625      213951          16           0    1.000000   -0.000007    0.000007    0.707107   -0.707107 1773.000000 2927.000000   20.233154  1999503360           0          77   981663744           0          -1          -1           1      213951           0           0           1           1           0
p 059           1 0 2128674994        4675          16           0    1.000000    0.000000    0.000000   -0.167767    0.985827 1764.470093 2915.050781   20.233139  1999503360           0          67           1           0          -1          -1           1        4675           0           0           1           1           0
p 059           1 0 2128478399        5502           0           0    1.000000    0.000000    0.000000    0.571471    0.820622 1766.145264 2918.479736   20.072083  1999503360           0          67           0           0          -1          -1           1        5502           0           0           1           1           0
p 059           1 0 2131099785      194603           8           0    1.000000   -0.040265   -0.006070    0.988005    0.148955 1748.237549 2927.330566   20.984634  1999503360           0          77   981663744           0          -1          -1           1      194603           0           0           1           1           0
p 059           1 0 2131165318      188230          24           0    1.200000    0.000000    0.000000    0.901242    0.433316 1756.772461 2922.952148   20.233139  1999503360           0          86  1065353216           0          -1          -1           1      188230           0           0           1           1           0
p 059           1 0 2129068095        4675          16           0    1.000000    0.000000    0.000000    0.000000    1.000000 1755.809937 2922.345459   20.233139  1999503360           0          77           1     2844506          -1          -1           1        4675           0           0           1           1           0
p 059           1 0 2128412870        5465          16           0    1.000000    0.000000    0.000000    0.000000    1.000000 1750.814819 2917.390869   20.527203  1999503360           0          67           0     2844506          -1          -1           1        5465           0           0           1           1           0
p 059           1 0 2131230853       80231           8           0    1.000000    0.000000    0.000000   -0.217289    0.976107 1758.325928 2931.722412   19.195190  1999503360           0          77   981663744           0          -1          -1           1       80231           0           0           1           1           0
p 059           1 0 2129002560      180941          16           0    1.000000    0.000000    0.000000    0.000000    1.000000 1789.389038 2938.639648   20.072083  1999503360           0          77   981663744           0          -1          -1           1      180941           0           0           1           1           0
p 059           1 0 2128609465        5466          16           0    1.000000    0.000000    0.000000    0.000000    1.000000 1790.364136 2939.492920   20.072083  1999503360           0          77   981663744           0          -1          -1           1        5466           0           0           1           1           0
p 059           1 0 2128937027        4675          16           0    1.000000    0.000000    0.000000    0.000000    1.000000 1733.928589 2928.151855   20.072067  1999503360           0          77   981663744           0          -1          -1           1        4675           0           0           1           1           0
p 059           1 0 2131296388      188227          24           0    1.200000    0.000000    0.000000    0.827196    0.561914 1713.942139 2932.595215   20.072083  1999503360           0          67           0           0          -1          -1           1      188227           0           0           1           1           0
p 059           1 0 2131361923      101192           8           0    1.000000    0.000000    0.000000    0.000000    1.000000 1703.280518 2928.032715   20.487061  1999503360           0          77   981663744           0          -1          -1           1      101192           0           0           0           0           0
p 059           1 0 2131427458      188228          24           0    1.200000    0.000000    0.000000    0.902580    0.430522 1732.374146 2937.816406   20.072021  1999503360           0          77   981663744           0          -1          -1           1      188228           0           1           1           1           0
p 059           1 0 2131492993      188227          24           0    1.200000    0.000000    0.000000    0.923826    0.382812 1718.125977 2945.075684   20.072083  1999503360           0          -1          -1          -1          -1          -1           1      188227           0           3           1           1           0
p 052  1999503360          27          27          50       91324          -1          -1          -1          -1          -1          -1          -1          -1          -1      137975          -1      160591       87030       50549       71150         153         153           0          -1          63          96          96  118.094833  109.525452    5.792563  121.905289  130.474731   37.133217  118.094833  109.525452    5.792564  121.905289  130.474731   37.133217           0           0           0           0           1  2012020889       90291    0.000000    0.000000    0.000000    1.000000 1620.000000 3000.000000   27.000000          -1          -1
p 068  2012020889       90291    0.000000    0.000000    0.000000    1.000000 1620.000000 3000.000000   27.000000  1999503360           0
p 059           1 0 2131558528      101192           8           0    1.000000    0.000000    0.000000    0.000000    1.000000 1690.720459 2961.081055   20.072075  1999503360           0      160591           1     2844506          -1          -1           1      101192           0           0           0           0           0
p 059           1 0 2131624063      101192           8           0    1.000000    0.000000    0.000000    0.000000    1.000000 1714.234619 2970.918945   20.072075  1999503360           0          77   981663744           0          -1          -1           1      101192           0           0           0           0           0
p 059           1 0 2130706567      123640           0           0    1.000000    0.000000    0.000000    0.378613    0.925555 1762.275391 2765.277344   26.999088  1999503360           0          -1           1     2844506          -1          -1           1      123640           0           0           1           1           0
p 052  1999503360          27          23          42       19933          -1          -1          -1          -1          -1          -1          -1          -1          -1      137975          -1      160934       87030       50549       71150         155         155           0          -1          63          96          96  117.983521  115.520416   14.543209  142.909454  131.295685   63.588688  117.983521  115.520416   28.072266  142.909454  131.295685   77.117737        1281           0           0           0           0  2012151963       93994    0.000000    0.000000    0.000000    1.000000 1380.000000 2520.000000   27.000000          -1          -1
p 068  2012151963       93994    0.000000    0.000000    0.000000    1.000000 1380.000000 2520.000000   27.000000  1999503360           0
p 059           1 0 2132213972      209200           8           0    1.000000    0.000000    0.000000    0.000000    1.000000 1769.199341 2920.436035   20.433149  1999503360           0          -1           1     2844506           2   126259832          -1          -1           1           0           0           0           0
p 052  1999503360          27          23          42       19933          -1          -1          -1          -1          -1          -1          -1          -1          -1      137975          -1      160934       87030       50549       71150         155         155           0          -1          63          96          96  117.983521  115.520416   14.543209  142.909454  131.295685   63.588688  117.983521  115.520416   28.072266  142.909454  131.295685   77.117737        1281           0           0           0           0  2012151963       93994    0.000000    0.000000    0.000000    1.000000 1380.000000 2520.000000   27.000000          -1          -1
p 068  2012151963       93994    0.000000    0.000000    0.000000    1.000000 1380.000000 2520.000000   27.000000  1999503360           0
p 059           1 0 2128543930      191886          16           0    0.380412    0.404400   -0.585823    0.411618    0.569072 1771.199463 2916.872314   20.778231  1999503360           0      160934           1 -2013977798          -1          -1           1      191886           0           0           1           1           0
