v 1
# ENTER WORLD  1999765508 (sno:       62751) at  163.750000   53.750000    0.100000
s  163.750000   53.750000    0.100000
p 055  1999765508       62751
p 051  163.750000   53.750000    0.100000  1999765508       62751
p 052  1999765508           0           0           0       62968          -1          -1          -1       71150           8       19929          -1          -1          -1      178035          -1      166027       87015      156394       62751           0           0           0          -1          63          96          96  118.293449  114.931259   23.079676  121.706566  125.068756   27.428583  118.293449  114.931259   21.993446  121.706566  125.068756   28.514812         614           0           0           0           1  2021064995       81866    0.000000    0.000000    0.000000    1.000000    0.000000    0.000000    0.000000          -1          -1
p 068  2021064995       81866    0.000000    0.000000    0.000000    1.000000    0.000000    0.000000    0.000000  1999765508           0
p 059           1 0 2132279453      101192           8           0    1.000000    0.000000    0.000000    0.000000    1.000000  175.207306   51.998875    0.168217  1999765508          -1      166027       87015      156394          -1          -1           1      101192           0           0           0           0           0
p 059           1 0 2132410566        5503           8           0    1.000000    0.000000    0.000000    0.742532    0.669810  160.766251   50.000000    0.000000  1999765508          -1          77   981663744           0          -1          -1           1        5503           0           0           1           1           0
p 059           1 0 2132476057      176537          24           0    0.495133   -0.439821    0.509085    0.524299    0.522017  157.492645   44.489529    0.185132  1999765508          -1          77   981663744           0          -1          -1           1      176537           0           0           1           1           0
p 059           1 0 2132541652        5673           8           0    1.000000    0.000000    0.000000    0.131270    0.991347   90.557541   71.583466    0.179539  1999765508          -1          81           0           0          -1          -1           1        5673           0           0           1           1           0
p 059           1 0 2132607159        5674           8           0    1.000000    0.000000    0.000000    0.940350    0.340208   44.459614   42.655598    0.000008  1999765508          -1          77   981663744           0          -1          -1           1        5674           0           0           1           1           0
p 059           1 0 2132738227        5676           8           0    1.000000    0.000000    0.000000    0.997035   -0.076946   50.607800   48.209930    0.000000  1999765508          -1          77   981663744           0          -1          -1           1        5676           0           0           1           1           0
p 059           1 0 2132803758       80233           8           0    1.000000    0.000000    0.000000   -0.540551    0.841312   78.341461   60.563202    0.000000  1999765508          -1          77   981663744           0          -1          -1           1       80233           0           0           1           1           0
p 059           1 0 2132869285       80237           8           0    0.800000    0.000000    0.000000    0.000000    1.000000   73.697701   59.338039    0.000000  1999765508          -1          77   981663744           0          -1          -1           1       80237           0           0           1           1           0
p 059           1 0 2132934817        6140           8           0    1.000000    0.000000    0.000000    0.000000    1.000000   32.275410   54.425880    0.000000  1999765508          -1          77   981663744           0          -1          -1           1        6140           0           0           1           1           0
p 059           1 0 2133196823        5675           8           0    1.000000    0.000000    0.000000    0.009411   -0.999956   50.000000   80.000000    0.000061  1999765508          -1          77   981663744           0          -1          -1           1        5675           0           0           1           1           0
p 059           1 0 2133327998        5466          24           0    1.000000    0.000000    0.000000    0.000000    1.000000   85.688774   89.922859    0.000061  1999765508          -1          77   981663744           0          -1          -1           1        5466           0           0           1           1           0
p 059           1 0 2133393533      131123           8           0    1.000000    0.000000    0.000000    0.000000    1.000000   71.820534   95.616692   -0.000061  1999765508          -1          77   981663744           0          -1          -1           1      131123           0           0           1           1           0
p 059           1 0 2133459068        5466          24           0    1.000000    0.000000    0.000000    0.000000    1.000000   77.500000   95.000000    0.000061  1999765508          -1          77   981663744           0          -1          -1           1        5466           0           0           1           1           0
p 059           1 0 2133524603      103772          24           0    1.000000    0.000000    0.000000    0.000000    1.000000  152.906860   58.740662    0.000000  1999765508          -1          77   981663744           0          -1          -1           1      103772           0           0           1           1           0
p 059           1 0 2133590138        3462          24           0    1.000000    0.000000    0.000000    0.091580    0.995798  156.509689   57.500072    1.769264  1999765508       62731         560           1           1          -1          -1           1        3462           0           0           1           1           0
p 059           1 0 2133655673      203030           9           0    1.350000    0.000000    0.000000    0.468937    0.883232  151.861908   48.669998   -0.000008  1999765508       62731          77   981663744           0          -1          -1           1      203030           0           0           1           1           0
p 059           1 0 2133786743        4675          24           0    1.000000    0.000000    0.000000    0.485257    0.874372   71.573112   67.169151    0.000008  1999765508           0           0 -2091504072           0          -1          -1           1        4675           0           0           1           1           0
p 059           1 0 2133852168      107557          24           0    1.000000    0.000000    0.000000    0.564610    0.825358   50.246571   92.983757    0.000000  1999765508           0          67           0           0          -1          -1           1      107557           0           0           1           1           0
p 059           1 0 2133917918       87172          24           0    1.000000    0.000000    0.000000   -0.110710    0.993853   36.460262   60.235729   -0.000004  1999765508           0          77   981663744           0          -1          -1           1       87172           0           0           1           1           0
p 059           0 1 2133721208        3445          18           1    0.000000    0.000000    0.000000   -0.000000    0.000000    0.000000    0.000000    0.000000  1130430464  2133655673          24           0           0           2 -2091504072          -1          -1           1           0           0           0           0
p 059           1 0 2133983400        6435           8           0    1.000000   -0.190792    0.583205    0.245510    0.750463  174.801422   51.701481    6.142745  1999765508           0          -1           1  -322461203          17        6435          -1          -1           0           0           0           0           0
p 059           1 0 2134048824        6434          10           0    1.000000    0.000000    0.000000    0.000000    1.000000  175.552155   52.251541    0.813077  1999765508           0          -1           1  -322461203          17        6434          -1          -1           0           0           0           0           0
p 059           1 0 2134114461       99567           8           0    0.250000   -0.011203   -0.000701    0.997985   -0.062455  157.112381   51.868889    5.299999  1999765508           0          -1           1  -322461203          17       99567          -1          -1           0           0           0           0           0
p 059           1 0 2134179896       99572          26           0    1.000000   -0.011203   -0.000701    0.997985   -0.062455  144.713028   50.310860    5.019383  1999765508           0          -1           1  -322461203          17       99572          -1          -1           0           0           0           0           0
p 059           1 0 2133262356       80231           0           0    1.000000    0.000000    0.000000   -0.728830    0.684695   39.787006  113.426636    0.000000  1999765508           0          -1           1  -322461203          -1          -1           1       80231           0           0           1           1           0
p 059           1 0 2133065872        5675           0           0    1.000000    0.000000    0.000000    0.017306    0.999850   72.094910  128.939178    0.000000  1999765508           0          77   981663744           0          -1          -1           1        5675           0           0           1           1           0
p 059           1 0 2133000352        5674           0           0    1.000000    0.000000    0.000000    0.590842   -0.806788   40.000000  122.500000    0.000061  1999765508           0          77   981663744           0          -1          -1           1        5674           0           0           1           1           0
p 059           1 0 2132672693        5675           0           0    1.000000    0.000000    0.000000    0.998876    0.047390   35.000000  132.500000    0.000008  1999765508           0          77   981663744           0          -1          -1           1        5675           0           0           1           1           0
p 059           1 0 2133131357        5676           0           0    1.000000    0.000000    0.000000    0.915147   -0.403121   32.756664  139.114334    0.000004  1999765508           0          77           1  -322461203          -1          -1           1        5676           0           0           1           1           0
p 059           1 0 2132344982      101192           0           0    1.000000    0.000000    0.000000    0.000000    1.000000   53.160755  145.331573   -0.000004  1999765508           0          77   981663744           0          -1          -1           1      101192           0           0           0           0           0
p 059           1 0 2134245432      180566          24           0    1.350000    0.000000    0.000000    0.000000    1.000000   58.189735  117.901451    0.000008  1999765508           0          77           1  -322461203          -1          -1           1      180566           0           0           1           1           0
p 059           1 0 2134311069       60068          24           0    1.350000    0.000000    0.000000    0.000000    1.000000   51.684879  102.649033    0.000004  1999765508           0          77   981663744           0          -1          -1           1       60068           0           0           1           1           0
p 059           1 0 2134376616      156801           8           0    1.620000    0.000000    0.000000    0.000000    1.000000   65.270302  125.035004    0.000004  1999765508          -1          -1   981663744      203030          -1          -1           1      156801           4           0           0           0           0
p 059           1 0 2134442014        6644           8           0    1.350000    0.000000    0.000000    0.000000    1.000000   41.664059  102.776405    0.000004  1999765508       79486         460           1           0          -1          -1           1        6644           0           0           0           0           0
p 059           1 0 2134507576        6644           8           0    1.350000    0.000000    0.000000    0.000000    1.000000   51.847183  112.984619    0.000004  1999765508           0          81           0           0          -1          -1           1        6644           0           0           0           0           0
p 059           1 0 2134573072        6644           8           0    1.350000    0.000000    0.000000    0.000000    1.000000   53.529228   99.803726    0.000004  1999765508           0          81           0           0          -1          -1           1        6644           0           0           0           0           0
p 059           1 0 2134638749        3901           8           0    1.200000   -0.039433    0.014147    0.940429    0.337398   85.255623  108.576195    6.175004  1999765508           0          81           1  -322461203          17        3901          -1          -1           0           0           0           0           0
p 059           1 0 2134704354        4402          26           0    1.000000    0.000000    0.000000    0.997750   -0.067038   60.488564  113.117493    0.100004  1999765508           0          81           1  -322461203          17        4402          -1          -1           0           0           0           0           0
p 059           1 0 2134769821       99567           8           0    0.250000    0.000000    0.000000    0.946378    0.323062   57.196964  115.661301    5.300004  1999765508           0          81           1  -322461203          17       99567          -1          -1           0           0           0           0           0
p 059           1 0 2134835220        3901           8           0    1.200000   -0.039433    0.014147    0.940429    0.337398   85.255623  108.576195    6.175004  1999765508           0          81           1  -322461203          17        3901          -1          -1           0           0           0           0           0
p 059           1 0 2134900962       99574          26           0    1.000000    0.000000    0.000000    0.998876    0.047390   35.000000  132.500000    0.000008  1999765508           0          81           1  -322461203          17       99574          -1          -1           0           0           0           0           0
p 059           1 0 2134966292       99567           8           0    0.250000   -0.003226    0.004771    0.560181    0.828350   62.037704  116.978287    5.300003  1999765508           0          81           1  -322461203          17       99567          -1          -1           0           0           0           0           0
p 059           1 0 2135031965       99574          26           0    1.000000    0.000000    0.000000    0.000000    1.000000   65.270302  125.035004    0.000004  1999765508           0          81           1  -322461203          17       99574          -1          -1           0           0           0           0           0
p 059           1 0 2135097488        3901           8           0    1.200000   -0.039433    0.014147    0.940429    0.337398   85.255623  108.576195    6.175004  1999765508           0          81           1  -322461203          17        3901          -1          -1           0           0           0           0           0
p 059           1 0 2135162900       99567           8           0    0.250000   -0.003226    0.004771    0.560181    0.828350   62.037704  116.978287    5.300003  1999765508           0          81           1  -322461203          17       99567          -1          -1           0           0           0           0           0
p 059           1 0 2135228642       99574          26           0    1.000000    0.000000    0.000000    0.000000    1.000000   65.270302  125.035004    0.000004  1999765508           0          81           1  -322461203          17       99574          -1          -1           0           0           0           0           0
p 059           1 0 2135294133       99567           8           0    0.250000   -0.000000   -0.000000    0.560191    0.828364   62.037708  116.978287    5.300004  1999765508           0          81           1  -322461203          17       99567          -1          -1           0           0           0           0           0
p 059           1 0 2135359645       99574          26           0    1.000000    0.000000    0.000000    0.828369   -0.560183   64.387138  122.833893    0.100004  1999765508           0          81           1  -322461203          17       99574          -1          -1           0           0           0           0           0
p 059           1 0 2135425205        3901           8           0    1.200000   -0.040223    0.010529    0.966569    0.253013   85.255623  108.576195    6.175004  1999765508           0          81           1  -322461203          17        3901          -1          -1           0           0           0           0           0
p 059           1 0 2135490786       99567           8           0    0.250000   -0.000000   -0.000000    0.560193    0.828362   62.037708  116.978287    5.300004  1999765508           0          81           1  -322461203          17       99567          -1          -1           0           0           0           0           0
p 059           1 0 2135556277       99574          26           0    1.000000    0.000000    0.000000    0.828369   -0.560183   63.559208  120.770447    0.100004  1999765508           0          81           1  -322461203          17       99574          -1          -1           0           0           0           0           0
p 059           1 0 2135621789       99567           8           0    0.250000   -0.000000   -0.000000    0.560193    0.828362   62.037708  116.978287    5.300004  1999765508           0          81           1  -322461203          17       99567          -1          -1           0           0           0           0           0
p 059           1 0 2135687394        3901           8           0    1.200000   -0.040223    0.010529    0.966569    0.253013   85.255623  108.576195    6.175004  1999765508           0          81           1  -322461203          17        3901          -1          -1           0           0           0           0           0
p 059           1 0 2135752848       99574          26           0    1.000000    0.000000    0.000000    0.828369   -0.560183   63.559208  120.770447    0.100004  1999765508           0          81           1  -322461203          17       99574          -1          -1           0           0           0           0           0
p 059           1 0 2135818466       99567           8           0    0.250000   -0.000000   -0.000000    0.560193    0.828362   62.037708  116.978287    5.300004  1999765508           0          81           1  -322461203          17       99567          -1          -1           0           0           0           0           0
p 059           1 0 2135883957       99574          26           0    1.000000    0.000000    0.000000    0.828369   -0.560183   63.559208  120.770447    0.100004  1999765508           0          81           1  -322461203          17       99574          -1          -1           0           0           0           0           0
p 059           1 0 2135949456        3901           8           0    1.200000   -0.040223    0.010529    0.966569    0.253013   85.255623  108.576195    6.175004  1999765508           0          81           1  -322461203          17        3901          -1          -1           0           0           0           0           0
p 059           1 0 2136015074       99567           8           0    0.250000   -0.000000   -0.000000    0.560193    0.828362   62.037708  116.978287    5.300004  1999765508           0          81           1  -322461203          17       99567          -1          -1           0           0           0           0           0
p 059           1 0 2136080528       99574          26           0    1.000000    0.000000    0.000000    0.828369   -0.560183   63.559208  120.770447    0.100004  1999765508           0          81           1  -322461203          17       99574          -1          -1           0           0           0           0           0
p 059           1 0 2136146077        4802          26           0    1.000000    0.000000    0.000000    0.828369   -0.560183   63.559208  120.770447    0.100004  1999765508           0          81           1  -322461203          -1          -1           1        4802           0           0           0           0           0
p 059           1 0 2136211476        3350           8           0    1.700000    0.000000    0.000000    0.000000    1.000000   63.559208  120.770447    0.500004  1999765508           0          81           1  -322461203           2  -733831369          -1          -1           3           0           0           0           0
p 059           1 0 2136408288        4267           8           0    1.700000    0.000000    0.000000    0.000000    1.000000   66.162445  115.424873    0.500004  1999765508           0          30  1065353216           0           2 -1962741247          -1          -1           1           0           0           0           0
p 059           1 0 2136473781       99567           8           0    0.250000    0.000000    0.000000    0.968622   -0.248537   56.842484  111.114571    5.300004  1999765508           0         277           1           0          17       99567          -1          -1           0           0           0           0           0
p 059           1 0 2136277008      209200           8           0    1.000000    0.000000    0.000000    0.000000    1.000000   60.219910  119.808830    0.200004  1999765508           0         277           1           0           2   126259832          -1          -1           1           0           0           0           0
p 059           1 0 2136539304        3901           8           0    1.200000   -0.029044   -0.000583    0.999376   -0.020067   85.255623  108.576195    6.175004  1999765508           0         277           1           0          17        3901          -1          -1           0           0           0           0           0
p 059           1 0 2136604898       99574          26           0    1.000000    0.000000    0.000000    0.248534    0.968623   49.615295  107.144356    0.100004  1999765508           0         277           1           0          17       99574          -1          -1           0           0           0           0           0
p 059           1 0 2136342584      209200           8           0    1.000000    0.000000    0.000000    0.000000    1.000000   66.898506  121.732071    0.200004  1999765508           0         277           1           0           2   126259832          -1          -1           1           0           0           0           0
p 059           1 0 2136670365         402          26           0    1.000000    0.000000    0.000000    0.828369   -0.560183   63.559208  120.770447    0.100004  1999765508           0         277           1  -322461203          17         402          -1          -1           0           0           0           0           0
p 059           1 0 2136735800       99567           8           0    0.250000   -0.005367   -0.001535    0.961441   -0.274955   60.583061  117.132729    5.300004  1999765508           0          -1           1  -322461203          17       99567          -1          -1           0           0           0           0           0
p 059           1 0 2136801437       99572          26           0    1.000000   -0.005367   -0.001535    0.961441   -0.274955   21.328737   92.680847    4.783678  1999765508           0          -1           1  -322461203          17       99572          -1          -1           0           0           0           0           0
p 059           1 0 2136998011      180941          24           0    1.000000    0.000000    0.000000    0.000000    1.000000   87.041344   89.512444   -0.000008  1999765508           0     6815840        -131      203263          -1          -1           1      180941           0           0           1           1           0
p 059           1 0 2132344982      101192           0           0    1.000000    0.000000    0.000000    0.000000    1.000000   53.160755  145.331573   -0.000004  1999765508           0          -1           1  -322461203          -1          -1           1      101192           0           0           0           0           0
p 059           1 0 2132476057      176537          16           0    0.495133   -0.439821    0.509085    0.524299    0.522017  157.492645   44.489529    0.185132  1999765508           0          77   981663744           0          -1          -1           1      176537           0           0           1           1           0
p 059           1 0 2133590138        3462          16           0    1.000000    0.000000    0.000000    0.091580    0.995798  156.509689   57.500072    1.769264  1999765508           0          81           0           0          -1          -1           1        3462           0           0           1           1           0
p 059           1 0 2132410566        5503           0           0    1.000000    0.000000    0.000000    0.742532    0.669810  160.766251   50.000000    0.000000  1999765508           0          77   981663744           0          -1          -1           1        5503           0           0           1           1           0
