v 1
# ENTER WORLD  1999503360 (sno:       71150) at 1768.750000 2921.250000   20.333143
s 1768.750000 2921.250000   20.333143
p 055  1999503360       71150
p 051 1768.750000 2921.250000   20.333143  1999503360       71150
p 052  1999503360          27          27          46      101351       19929          -1          -1          -1          -1          -1          -1          -1          -1      137975          -1      160591       87030       50549       71150         152         152           0          -1          63          96          96  120.879822  124.414200   20.973587  141.514832  134.452621   49.974831  120.879822  124.414200   20.973587  141.514832  134.452621   49.974831         592        1067           0           0           1  2011955352       90293    0.000000    0.000000    0.000000    1.000000 1620.000000 2760.000000   27.000000          -1          -1
p 068  2011955352       90293    0.000000    0.000000    0.000000    1.000000 1620.000000 2760.000000   27.000000  1999503360           0
p 052  1999503360          27          31          46      101351       91133          -1          -1          -1          -1          -1          -1          -1          -1      137975          -1      160276       87030       50549       71150         148         148           0          -1          63          96          96  119.506165  114.089874   25.547520  140.780914  125.910187   42.737530  124.379150  114.089874   25.547520  145.653900  125.910187   42.737530          79        1347           0           0           1  2011693204       90196    0.000000    0.000000    0.000000    1.000000 1860.000000 2760.000000   27.000000          -1          -1
p 068  2011693204       90196    0.000000    0.000000    0.000000    1.000000 1860.000000 2760.000000   27.000000  1999503360           0
p 052  1999503360          27          27          50       91324          -1          -1          -1          -1          -1          -1          -1          -1          -1      137975          -1      160591       87030       50549       71150         153         153           0          -1          63          96          96  118.094833  109.525452    5.792563  121.905289  130.474731   37.133217  118.094833  109.525452    5.792564  121.905289  130.474731   37.133217           0           0           0           0           1  2012020889       90291    0.000000    0.000000    0.000000    1.000000 1620.000000 3000.000000   27.000000          -1          -1
p 068  2012020889       90291    0.000000    0.000000    0.000000    1.000000 1620.000000 3000.000000   27.000000  1999503360           0
p 052  1999503360          27          23          42       19933          -1          -1          -1          -1          -1          -1          -1          -1          -1      137975          -1      160934       87030       50549       71150         155         155           0          -1          63          96          96  117.983521  115.520416   14.543209  142.909454  131.295685   63.588688  117.983521  115.520416   28.072266  142.909454  131.295685   77.117737        1281           0           0           0           0  2012151963       93994    0.000000    0.000000    0.000000    1.000000 1380.000000 2520.000000   27.000000          -1          -1
p 068  2012151963       93994    0.000000    0.000000    0.000000    1.000000 1380.000000 2520.000000   27.000000  1999503360           0
p 052  1999503360          27          23          46       19938       19933          -1          -1          -1          -1          -1          -1          -1          -1      137975          -1      160934       87030       50549       71150         156         156           0          -1          63          96          96  130.025940  115.700424   28.100021  136.901978  124.299637   47.631088  130.025940  115.700424   28.100021  136.901978  124.299637   47.631088        1513         515           0           0           0  2012217500       93992    0.000000    0.000000    0.000000    1.000000 1380.000000 2760.000000   27.000000          -1          -1
p 068  2012217500       93992    0.000000    0.000000    0.000000    1.000000 1380.000000 2760.000000   27.000000  1999503360           0
p 059           1 0 2137063481        6644           8           0    1.350000    0.000000    0.000000    0.000000    1.000000 1746.220093 2929.031006   20.281979  1999503360          -1      160934       87030       50549          -1          -1           1        6644           0           0           1           1           0
p 059           1 0 2137128968       60068          24           0    1.350000    0.000000    0.000000    0.000000    1.000000 1725.870117 2926.318359   20.072083  1999503360          -1          77  1079427072           0          -1          -1           1       60068           0           0           1           1           0
p 059           1 0 2137194653       60068          24           0    1.350000    0.000000    0.000000    0.324674    0.945826 1722.078735 2935.333008   20.072075  1999503360          -1          77   981663744           0          -1          -1           1       60068           0           0           1           1           0
p 059           1 0 2137260088        5465          24           0    1.000000    0.000000    0.000000    0.000000    1.000000 1745.000000 2925.000000   20.281921  1999503360          -1          77   981663744           0          -1          -1           1        5465           0           0           1           1           0
p 059           1 0 2137325794      213955          24           0    1.000000   -0.000007    0.000007    0.707107   -0.707107 1773.000000 2927.000000   20.233154  1999503360          -1          77   981663744           0          -1          -1           1      213955           0           0           1           1           0
p 059           1 0 2137391272       60068          24           0    1.000000    0.000000    0.000000    0.936283   -0.351246 1783.500000 2934.000000   20.072077  1999503360          -1          77   981663744           0          -1          -1           1       60068           0           0           1           1           0
p 059           1 0 2137456656       60068          24           0    1.000000    0.000000    0.000000    0.156168   -0.987731 1735.569946 2922.788330   20.072081  1999503360          -1          77   981663744           0          -1          -1           1       60068           0           0           1           1           0
p 059           1 0 2137522400       60068          24           0    1.000000    0.000000    0.000000    0.156168   -0.987731 1742.285522 2934.251953   20.182350  1999503360          -1          77   981663744           0          -1          -1           1       60068           0           0           1           1           0
p 052  1999503360          27          27          42      101351          -1          -1          -1          -1          -1          -1          -1          -1          -1      137975          -1      160591       87030       50549       71150         151         151           0          -1          63          96          96  115.686188  129.967865   15.791664  135.606171  129.967804   56.016579  135.824127  129.967834   15.215002  155.744110  129.967834   56.593239         613           0           0           0           1  2011889815       90295    0.000000    0.000000    0.000000    1.000000 1620.000000 2520.000000   27.000000          -1          -1
p 068  2011889815       90295    0.000000    0.000000    0.000000    1.000000 1620.000000 2520.000000   27.000000  1999503360           0
p 059           1 0 2131034149       80237           0           0    0.800000    0.000000    0.000000    0.881661   -0.471882 1753.557983 2918.489258   19.917843  1999503360          -1      160591       87030       50549          -1          -1           1       80237           0           0           1           1           0
p 059           1 0 2129068095        4675          16           0    1.000000    0.000000    0.000000    0.000000    1.000000 1755.809937 2922.345459   20.233139  1999503360          -1          77   981663744           0          -1          -1           1        4675           0           0           1           1           0
p 059           1 0 2129002560      180941          16           0    1.000000    0.000000    0.000000    0.000000    1.000000 1789.389038 2938.639648   20.072083  1999503360          -1          67           0           0          -1          -1           1      180941           0           0           1           1           0
p 059           1 0 2128937027        4675          16           0    1.000000    0.000000    0.000000    0.000000    1.000000 1733.928589 2928.151855   20.072067  1999503360          -1          77   981663744           0          -1          -1           1        4675           0           0           1           1           0
p 059           1 0 2128871497        4675          16           0    1.000000    0.000000    0.000000    0.000000    1.000000 1794.674072 2815.828613   20.643600  1999503360          -1          67           0           0          -1          -1           1        4675           0           0           1           1           0
p 059           1 0 2131624063      101192           0           0    1.000000    0.000000    0.000000    0.000000    1.000000 1714.234619 2970.918945   20.072075  1999503360          -1          67           0           0          -1          -1           1      101192           0           0           0           0           0
p 059           1 0 2131558528      101192           0           0    1.000000    0.000000    0.000000    0.000000    1.000000 1690.720459 2961.081055   20.072075  1999503360          -1          77   981663744           0          -1          -1           1      101192           0           0           0           0           0
p 059           1 0 2131492993      188227          16           0    1.200000    0.000000    0.000000    0.923826    0.382812 1718.125977 2945.075684   20.072083  1999503360          -1          77   981663744           0          -1          -1           1      188227           0           3           1           1           0
p 059           1 0 2131427458      188228          16           0    1.200000    0.000000    0.000000    0.902580    0.430522 1732.374146 2937.816406   20.072021  1999503360          -1          77   981663744           0          -1          -1           1      188228           0           1           1           1           0
p 059           1 0 2131361923      101192           0           0    1.000000    0.000000    0.000000    0.000000    1.000000 1703.280518 2928.032715   20.487061  1999503360          -1          77   981663744           0          -1          -1           1      101192           0           0           0           0           0
p 059           1 0 2131296388      188227          16           0    1.200000    0.000000    0.000000    0.827196    0.561914 1713.942139 2932.595215   20.072083  1999503360          -1          77   981663744           0          -1          -1           1      188227           0           0           1           1           0
p 059           1 0 2131230853       80231           0           0    1.000000    0.000000    0.000000   -0.217289    0.976107 1758.325928 2931.722412   19.195190  1999503360          -1          77   981663744           0          -1          -1           1       80231           0           0           1           1           0
p 059           1 0 2131165318      188230          16           0    1.200000    0.000000    0.000000    0.901242    0.433316 1756.772461 2922.952148   20.233139  1999503360          -1          77   981663744           0          -1          -1           1      188230           0           0           1           1           0
p 059           1 0 2130706567      123640           0           0    1.000000    0.000000    0.000000    0.378613    0.925555 1762.275391 2765.277344   26.999088  1999503360          -1         333           1           0          -1          -1           1      123640           0           0           1           1           0
p 059           1 0 2130903176      188229          16           0    1.200000    0.000000    0.000000    0.896946   -0.442139 1762.128296 2913.364990   20.304729  1999503360          -1          77   981663744           0          -1          -1           1      188229           0           1           1           1           0
p 059           1 0 2131099785      194603           0           0    1.000000   -0.040265   -0.006070    0.988005    0.148955 1748.237549 2927.330566   20.984634  1999503360          -1         333           1           0          -1          -1           1      194603           0           0           1           1           0
p 059           1 0 2130968714       80233           0           0    1.000000    0.000000    0.000000   -0.172948    0.984931 1751.589111 2915.858154   19.438412  1999503360          -1          86  1065353216           0          -1          -1           1       80233           0           0           1           1           0
p 059           1 0 2128674994        4675          16           0    1.000000    0.000000    0.000000   -0.167767    0.985827 1764.470093 2915.050781   20.233139  1999503360          -1          77   981663744           0          -1          -1           1        4675           0           0           1           1           0
p 059           1 0 2128609465        5466          16           0    1.000000    0.000000    0.000000    0.000000    1.000000 1790.364136 2939.492920   20.072083  1999503360          -1          67           0           0          -1          -1           1        5466           0           0           1           1           0
p 059           1 0 2128543930      191886          16           0    0.380412    0.404400   -0.585823    0.411618    0.569072 1771.199463 2916.872314   20.778231  1999503360          -1          77   981663744           0          -1          -1           1      191886           0           0           1           1           0
p 059           1 0 2128478399        5502           0           0    1.000000    0.000000    0.000000    0.571471    0.820622 1766.145264 2918.479736   20.072083  1999503360          -1          81           0           0          -1          -1           1        5502           0           0           1           1           0
p 059           1 0 2138767411        6644           8           0    1.350000   -0.000007    0.000007    0.707107   -0.707107 1773.000000 2927.000000   20.233154  1999503360          -1          77   981663744           0          -1          -1           1        6644           0           0           0           0           0
p 059           1 0 2138832935      213954          24           0    1.000000   -0.000007    0.000007    0.707107   -0.707107 1773.000000 2927.000000   20.233154  1999503360       30582          81           0           0          -1          -1           1      213954           0           0           0           0           0
p 059           1 0 2138898653        6644           8           0    1.350000    0.000000    0.000000    0.936283   -0.351246 1783.500000 2934.000000   20.072077  1999503360           0          67           1 -2013977798          -1          -1           1        6644           0           0           0           0           0
p 059           1 0 2138964188        6644           8           0    1.350000    0.000000    0.000000    0.156168   -0.987731 1735.569946 2922.788330   20.072081  1999503360       30582          81           0           0          -1          -1           1        6644           0           0           0           0           0
p 059           1 0 2139029723        6644           8           0    1.350000    0.000000    0.000000    0.156168   -0.987731 1742.285522 2934.251953   20.182350  1999503360       30582          81           0           0          -1          -1           1        6644           0           0           0           0           0
p 059           1 0 2139095161        6435           8           0    1.000000    0.258043    0.643746   -0.268045    0.668698 1772.937378 2927.059814   26.509764  1999503360           0          81           1  -322461203          17        6435          -1          -1           0           0           0           0           0
p 059           1 0 2139160632        6434          10           0    1.000000    0.000000    0.000000    0.000000    1.000000 1773.044189 2926.957764   21.013739  1999503360           0          81           1  -322461203          17        6434          -1          -1           0           0           0           0           0
p 052  1999503360          27          23          42       19933          -1          -1          -1          -1          -1          -1          -1          -1          -1      137975          -1      160934       87030       50549       71150         155         155           0          -1          63          96          96  117.983521  115.520416   14.543209  142.909454  131.295685   63.588688  117.983521  115.520416   28.072266  142.909454  131.295685   77.117737        1281           0           0           0           0  2012151963       93994    0.000000    0.000000    0.000000    1.000000 1380.000000 2520.000000   27.000000          -1          -1
p 068  2012151963       93994    0.000000    0.000000    0.000000    1.000000 1380.000000 2520.000000   27.000000  1999503360           0
p 059           1 0 2139750622        6435           8           0    1.000000   -0.383862   -0.066647    0.907407   -0.157545 1749.382568 2924.242432   26.375887  1999503360           0      160934           1 -2013977798          17        6435          -1          -1           0           0           0           0           0
p 059           1 0 2139816148        6434          10           0    1.000000    0.000000    0.000000    0.000000    1.000000 1746.646362 2923.262695   22.428877  1999503360           0      160934           1 -2013977798          17        6434          -1          -1           0           0           0           0           0
p 059           1 0 2139881529       99567           8           0    0.250000   -0.009075    0.005156    0.869414    0.493975 1744.313965 2930.848145   25.465076  1999503360           0      160934           1 -2013977798          17       99567          -1          -1           0           0           0           0           0
p 059           1 0 2139947230       99574          26           0    1.000000    0.000000    0.000000    0.156168   -0.987731 1742.285522 2934.251953   20.182350  1999503360           0      160934           1 -2013977798          17       99574          -1          -1           0           0           0           0           0
p 059           1 0 2140012681        6644           8           0    1.350000    0.000000    0.000000    0.000000    1.000000 1731.615112 2933.545898   20.072077  1999503360           0      160934           1 -2013977798          -1          -1           1        6644           0           0           0           0           0
p 059           1 0 2140078292        6644           8           0    1.350000    0.000000    0.000000    0.000000    1.000000 1724.507935 2921.563232   19.837530  1999503360           0          81           0           0          -1          -1           1        6644           0           0           0           0           0
p 059           1 0 2140143835        6644           8           0    1.350000    0.000000    0.000000    0.324674    0.945826 1729.386108 2935.240479   20.072081  1999503360       30582          81           0           0          -1          -1           1        6644           0           0           0           0           0
p 059           1 0 2140209375       99567           8           0    0.250000    0.008105    0.014841   -0.479257    0.877512 1733.972534 2925.274902   25.372078  1999503360           0          81           0           0          17       99567          -1          -1           0           0           0           0           0
p 059           1 0 2140274885       99574          26           0    1.000000    0.000000    0.000000    0.156168   -0.987731 1735.569946 2922.788330   20.072081  1999503360           0          81           0           0          17       99574          -1          -1           0           0           0           0           0
p 059           1 0 2140340447        6644           8           0    1.350000    0.000000    0.000000    0.000000    1.000000 1718.634888 2927.663574   20.072081  1999503360           0          81           0           0          -1          -1           1        6644           0           0           0           0           0
p 059           1 0 2140405941        6644           8           0    1.350000    0.000000    0.000000    0.324674    0.945826 1718.908203 2937.125244   20.072077  1999503360       30582          81           0           0          -1          -1           1        6644           0           0           0           0           0
p 059           1 0 2140471304        6644           8           0    1.350000    0.000000    0.000000    0.324674    0.945826 1721.260620 2943.995117   20.072088  1999503360           0          81           1 -2013977798          -1          -1           1        6644           0           0           0           0           0
p 059           1 0 2140537029        6435           8           0    1.000000    0.394050    0.379607   -0.602816    0.580721 1718.943237 2938.063232   26.214825  1999503360       30582          81           0           0          17        6435          -1          -1           0           0           0           0           0
p 059           1 0 2140602525        6434          10           0    1.000000    0.000000    0.000000    0.000000    1.000000 1718.884521 2936.491699   21.176987  1999503360       30582          81           0           0          17        6434          -1          -1           0           0           0           0           0
p 059           1 0 2140668101       99567           8           0    0.250000    0.014901    0.014239   -0.722849    0.690698 1718.745117 2930.085449   25.372078  1999503360           0          81           1 -2013977798          17       99567          -1          -1           0           0           0           0           0
p 059           1 0 2140733660       99574          26           0    1.000000    0.000000    0.000000    0.000000    1.000000 1718.634888 2927.663574   20.072081  1999503360           0          81           1 -2013977798          17       99574          -1          -1           0           0           0           0           0
p 059           1 0 2140799149        4267           8           0    1.700000    0.000000    0.000000    0.000000    1.000000 1718.634888 2927.663574   20.572081  1999503360           0          81           1 -2013977798           2 -1962741247          -1          -1           1           0           0           0           0
p 059           1 0 2140864732        4402          26           0    1.000000    0.000000    0.000000    0.047636    0.998865 1718.934326 2934.241211   20.172079  1999503360           0         277           1 -2013977798          17        4402          -1          -1           0           0           0           0           0
p 059           1 0 2140930205      209200           8           0    1.000000    0.000000    0.000000    0.000000    1.000000 1704.494263 2925.343994   20.272078  1999503360           0         277           1 -2013977798           2   126259832          -1          -1           1           0           0           0           0
p 059           1 0 2140995807        4267           8           0    1.700000    0.000000    0.000000    0.000000    1.000000 1729.386108 2935.240479   20.572081  1999503360           0         277           1 -2013977798           2 -1962741247          -1          -1           1           0           0           0           0
p 059           1 0 2141061343       99567           8           0    0.250000    0.002498    0.011420   -0.213666    0.976837 1727.729126 2935.331299   25.372086  1999503360           0         277           1 -2013977798          17       99567          -1          -1           0           0           0           0           0
p 059           1 0 2141126664       99574          26           0    1.000000    0.000000    0.000000    0.000000    1.000000 1731.615112 2933.545898   20.072077  1999503360           0         277           1 -2013977798          17       99574          -1          -1           0           0           0           0           0
p 059           1 0 2129002560      180941          16           0    1.000000    0.000000    0.000000    0.000000    1.000000 1789.389038 2938.639648   20.072083  1999503360           0         277           1 -2013977798          -1          -1           1      180941           0           0           1           1           0
p 059           1 0 2128609465        5466          16           0    1.000000    0.000000    0.000000    0.000000    1.000000 1790.364136 2939.492920   20.072083  1999503360           0          77   981663744           0          -1          -1           1        5466           0           0           1           1           0
p 059           1 0 2141192329       99567           8           0    0.250000    0.000002    0.000002   -0.706188    0.708024 1723.959961 2932.908203   25.372086  1999503360           0          77           1 -2013977798          17       99567          -1          -1           0           0           0           0           0
p 059           1 0 2141257948       99574          26           0    1.000000    0.000000    0.000000    0.837396    0.546597 1723.986328 2922.749756   20.172024  1999503360           0          77           1 -2013977798          17       99574          -1          -1           0           0           0           0           0
p 059           1 0 2141323272       99567           8           0    0.250000   -0.003400    0.002577    0.796904    0.604091 1722.876465 2946.428711   25.372082  1999503360           0          77           1 -2013977798          17       99567          -1          -1           0           0           0           0           0
p 059           1 0 2141389020       99574          26           0    1.000000    0.000000    0.000000    0.000000    1.000000 1714.234619 2970.918945   20.072075  1999503360           0          77           1 -2013977798          17       99574          -1          -1           0           0           0           0           0
p 059           1 0 2129002560      180941          16           0    1.000000    0.000000    0.000000    0.000000    1.000000 1789.389038 2938.639648   20.072083  1999503360           0          77           1 -2013977798          -1          -1           1      180941           0           0           1           1           0
p 059           1 0 2128609465        5466          16           0    1.000000    0.000000    0.000000    0.000000    1.000000 1790.364136 2939.492920   20.072083  1999503360           0          77   981663744           0          -1          -1           1        5466           0           0           1           1           0
p 059           1 0 2141454509      209200           8           0    1.000000    0.000000    0.000000    0.000000    1.000000 1721.013184 2939.666260   20.572088  1999503360           0          77   981663744           0           2   126259832          -1          -1           1           0           0           0           0
p 059           1 0 2141519999      209200           8           0    1.000000    0.000000    0.000000    0.000000    1.000000 1724.227173 2934.189697   20.572084  1999503360           0          77   981663744           0           2   126259832          -1          -1           1           0           0           0           0
p 059           1 0 2141585416      209200           8           0    1.000000    0.000000    0.000000    0.000000    1.000000 1714.845093 2941.175049   20.272081  1999503360           0          77   981663744           0           2   126259832          -1          -1           1           0           0           0           0
p 059           1 0 2141651164      209200           8           0    1.000000    0.000000    0.000000    0.000000    1.000000 1737.557739 2943.000000   20.572081  1999503360           0          77           1 -2013977798           2   126259832          -1          -1           1           0           0           0           0
p 059           1 0 2087387207      187436          16           0    1.130000    0.000000    0.000000    0.998465    0.055394 1696.152954 2748.106934   36.133423  1999503360           0          77           1 -2013977798          -1          -1           1      187436           0           0           1           1           0
p 059           1 0 2087321685      103772          16           0    1.000000    0.000000    0.000000    0.000000    1.000000 1686.035278 2751.398193   36.790474  1999503360           0          77   981663744           0          -1          -1           1      103772           0           0           1           1           0
p 052  1999503360          27          27          38       91324          -1          -1          -1          -1          -1          -1          -1          -1          -1      137975          -1      160591       87030       50549       71150         150         150           0          -1          63          96          96  119.999954  120.000191    3.985160  120.000076  120.000191    9.082524  119.999954  120.000191    3.985209  120.000076  120.000191    9.082574           0           0           0           0           1  2011824278       90297    0.000000    0.000000    0.000000    1.000000 1620.000000 2280.000000   27.000000          -1          -1
p 068  2011824278       90297    0.000000    0.000000    0.000000    1.000000 1620.000000 2280.000000   27.000000  1999503360           0
p 059           1 0 2128805984        5991          16           0    1.000000    0.000000    0.000000    0.130604    0.991435 1647.639893 2760.004150   38.265190  1999503360           0      160591           1 -2013977798          -1          -1           1        5991           0           0           1           1           0
p 052  1999503360          27          19          46       19938       19933          -1          -1          -1          -1          -1          -1          -1          -1      137975          -1      160934       87030       50549       71150         161         161           0          -1          63          96          96  129.678284  109.356171   57.876919  129.678772  130.644440   37.603214  129.678284  109.356171   56.757820  129.678772  130.644440   38.722313         112           0           0           0           0  2012545185       93998    0.000000    0.000000    0.000000    1.000000 1140.000000 2760.000000   27.000000          -1          -1
p 068  2012545185       93998    0.000000    0.000000    0.000000    1.000000 1140.000000 2760.000000   27.000000  1999503360           0
p 059           1 0 2141782173        6644           8           0    1.350000    0.000000    0.000000    0.408898    0.912580 1664.026245 2762.568848   38.791290  1999503360          -1      160934       87030       50549          -1          -1           1        6644           0           0           0           0           0
p 059           1 0 2141847773        6644           8           0    1.350000    0.000000    0.000000    0.000000    1.000000 1659.830688 2761.324951   39.798115  1999503360           0          77           1 -2013977798          -1          -1           1        6644           0           0           0           0           0
p 059           1 0 2087387207      187436          16           0    1.130000    0.000000    0.000000    0.998465    0.055394 1696.152954 2748.106934   36.133423  1999503360           0          77  1081196544           0          -1          -1           1      187436           0           0           1           1           0
p 059           1 0 2141913096       64271           8           0    1.000000    0.000000    0.000000    0.916487   -0.400065 1546.806152 2814.269775   54.523163  1999503360           0          -1          -1          -1          -1          -1           1       64271           0           0           0           0           0
p 052  1999503360          27          23          38       91324          -1          -1          -1          -1          -1          -1          -1          -1          -1      137975          -1      160591       87030       50549       71150         154         154           0          -1          63          96          96  120.000038  127.102142    6.175098  120.000160  127.102142   45.697227  120.000038  127.102142    6.175110  120.000160  127.102142   45.697239           0           0           0           0           0  2012086426       93996    0.000000    0.000000    0.000000    1.000000 1380.000000 2280.000000   27.000000          -1          -1
p 068  2012086426       93996    0.000000    0.000000    0.000000    1.000000 1380.000000 2280.000000   27.000000  1999503360           0
p 059           1 0 2141978797       99567           8           0    0.250000   -0.030257   -0.033796   -0.666335    0.744272 1662.985718 2780.703125   42.088730  1999503360           0      160591           1 -2013977798          17       99567          -1          -1           0           0           0           0           0
p 059           1 0 2142044287       99574          26           0    1.000000    0.000000    0.000000    0.808226   -0.588873 1665.008911 2762.449707   38.560051  1999503360           0      160591           1 -2013977798          17       99574          -1          -1           0           0           0           0           0
p 059           1 0 2142109908      209200           8           0    1.000000    0.000000    0.000000    0.000000    1.000000 1665.008911 2762.449707   38.795101  1999503360           0      160591           1 -2013977798           2   126259832          -1          -1           1           0           0           0           0
p 059           1 0 2142175444       99567           8           0    0.250000    0.285938    0.161471    0.822466   -0.464453 1664.320190 2765.483154   42.715195  1999503360           0      160591           1 -2013977798          17       99567          -1          -1           0           0           0           0           0
p 059           1 0 2142240925       99574          26           0    1.000000    0.000000    0.000000    0.526274    0.850315 1663.506592 2764.134033   38.761246  1999503360           0      160591           1 -2013977798          17       99574          -1          -1           0           0           0           0           0
p 059           1 0 2141913096       64271           0           0    1.000000    0.000000    0.000000    0.916487   -0.400065 1546.806152 2814.269775   54.523163  1999503360           0      160591           1 -2013977798          -1          -1           1       64271           0           0           0           0           0
p 059           1 0 2142306477      209200           8           0    1.000000    0.000000    0.000000    0.000000    1.000000 1663.506592 2764.134033   39.279972  1999503360           0          77   981663744           0           2   126259832          -1          -1           1           0           0           0           0
p 059           1 0 2139685053        5991          16           0    1.000000    0.000000    0.000000    0.000000    1.000000 1588.500000 2720.000000   57.086895  1999503360           0          77   981663744           0          -1          -1           1        5991           0           0           1           1           0
p 059           1 0 2142371997        6644           8           0    1.350000    0.000000    0.000000    0.228482   -0.973548 1561.482788 2722.272705   55.286743  1999503360           0          77   981663744           0          -1          -1           1        6644           0           0           1           1           0
p 059           1 0 2142437549        6652           8           0    1.350000    0.000000    0.000000    0.392336    0.919822 1562.850464 2726.666260   55.286743  1999503360           0          77  1085587456           0          -1          -1           1        6652           0           0           1           1           0
p 059           1 0 2142503039        6652           8           0    1.350000    0.000000    0.000000    0.802602   -0.596514 1563.711426 2723.446533   55.286743  1999503360           0          77  1092894720           0          -1          -1           1        6652           0           0           1           1           0
p 059           1 0 2142568669      187435          24           0    1.130000    0.000000    0.000000    0.962002   -0.273041 1562.554565 2724.568115   55.186829  1999503360           0          77  1091084288           0          -1          -1           1      187435           0           0           1           1           0
p 059           1 0 2139554005        5465          16           0    1.000000    0.000000    0.000000    0.000000    1.000000 1562.878662 2726.783691   55.121101  1999503360           0          77   981663744           0          -1          -1           1        5465           0           0           1           1           0
p 052  1999503360          27          19          42       91324          -1          -1          -1          -1          -1          -1          -1          -1          -1      137975          -1      160591       87030       50549       71150         159         159           0          -1          63          96          96  126.565430  130.043427   38.750263  126.565918  130.043579   39.856228  126.565430  130.043427   38.750263  126.565918  130.043579   39.856228           0           0           0           0           0  2012414111       94000    0.000000    0.000000    0.000000    1.000000 1140.000000 2520.000000   27.000000          -1          -1
p 068  2012414111       94000    0.000000    0.000000    0.000000    1.000000 1140.000000 2520.000000   27.000000  1999503360           0
p 059           1 0 2142634196      167289           8           0    0.990778    0.000098    0.000021    1.000000   -0.000000 1520.499878 2721.800781   56.610413  1999503360           0      160591           1 -2013977798          -1          -1           1      167289           0           0           1           1           0
p 059           1 0 2139226163        3461          16           0    1.000000    0.000000    0.000000    0.000000    1.000000 1535.000000 2717.500000   63.257904  1999503360           0          77   981663744           0          -1          -1           1        3461           0           0           1           1           0
p 059           1 0 2139619522        5991          16           0    1.000000    0.000000    0.000000    0.000000    1.000000 1505.944824 2721.024658   65.567535  1999503360           0          77   981663744           0          -1          -1           1        5991           0           0           1           1           0
p 059           1 0 2139291769      182738          16           0    1.659462   -0.308825   -0.653483   -0.333380    0.605347 1425.811279 2716.384033   44.073257  1999503360          -1          -1          -1          -1          -1          -1           1      182738           0           0           1           1           0
p 052  1999503360          27          19          46       19938       19933          -1          -1          -1          -1          -1          -1          -1          -1      137975          -1      160934       87030       50549       71150         161         161           0          -1          63          96          96  129.678284  109.356171   57.876919  129.678772  130.644440   37.603214  129.678284  109.356171   56.757820  129.678772  130.644440   38.722313         112           0           0           0           0  2012545185       93998    0.000000    0.000000    0.000000    1.000000 1140.000000 2760.000000   27.000000          -1          -1
p 068  2012545185       93998    0.000000    0.000000    0.000000    1.000000 1140.000000 2760.000000   27.000000  1999503360           0
p 059           1 0 2142699740        6644           8           0    1.350000    0.000000    0.000000    0.171377   -0.985205 1492.684692 2718.219482   56.891212  1999503360          -1      160934       87030       50549          -1          -1           1        6644           0           0           1           1           0
p 059           1 0 2142765193       79421           8           0    1.000000    0.000000    0.000000    0.000000    1.000000 1499.401367 2780.739258   55.239914  1999503360          -1          77  1085341696           0          -1          -1           1       79421           0           0           1           1           0
p 059           1 0 2142830815       64271           8           0    1.000000    0.000000    0.000000    0.649549    0.760320 1512.765137 2638.506348   55.199371  1999503360           0          77           1 -2013977798          -1          -1           1       64271           0           0           0           0           0
p 059           1 0 2142896309        6644           8           0    1.350000    0.000000    0.000000    0.440127   -0.897936 1471.516846 2725.076172   56.891212  1999503360           0          77   981663744           0          -1          -1           1        6644           0           0           1           1           0
p 059           1 0 2142961883        6644           8           0    1.350000    0.000000    0.000000    1.000000   -0.000000 1468.553467 2718.610840   56.891106  1999503360           0          77  1084997632           0          -1          -1           1        6644           0           0           1           1           0
p 059           1 0 2143027331        4402          26           0    1.000000    0.000000    0.000000    0.977572    0.210602 1572.978394 2726.611572   55.286743  1999503360           0          77           1 -2013977798          17        4402          -1          -1           0           0           0           0           0
p 059           1 0 2143092933       99567           8           0    0.250000   -0.000000    0.000000   -0.845083    0.534634 1563.257690 2726.017090   60.486744  1999503360           0          77           1 -2013977798          17       99567          -1          -1           0           0           0           0           0
p 059           1 0 2143158416       99574          26           0    1.000000    0.000000    0.000000    0.754863   -0.655883 1562.850464 2726.666260   55.286743  1999503360           0          77           1 -2013977798          17       99574          -1          -1           0           0           0           0           0
p 059           1 0 2143223838      209200           8           0    1.000000    0.000000    0.000000    0.000000    1.000000 1562.850464 2726.666260   55.686745  1999503360           0          77           1 -2013977798           2   126259832          -1          -1           1           0           0           0           0
p 059           1 0 2143289566        4267           8           0    1.700000    0.000000    0.000000    0.000000    1.000000 1556.820435 2724.676025   55.686745  1999503360           0          77           1 -2013977798           2 -1962741247          -1          -1           1           0           0           0           0
p 059           1 0 2143355011       99567           8           0    0.250000   -0.000000    0.000000   -0.776326    0.630331 1564.185303 2725.704834   60.486744  1999503360           0         277           1 -2013977798          17       99567          -1          -1           0           0           0           0           0
p 059           1 0 2143420613       99574          26           0    1.000000    0.000000    0.000000    0.926816    0.375516 1563.711426 2723.446533   55.286743  1999503360           0         277           1 -2013977798          17       99574          -1          -1           0           0           0           0           0
p 059           1 0 2143486009        4440           8           0    2.000000    0.000000    0.000000    0.000000    1.000000 1564.490845 2720.531738   55.186745  1999503360           0         277           1 -2013977798           2  1646417620          -1          -1           1           0           0           0           0
p 059           1 0 2143551686        4267           8           0    1.700000    0.000000    0.000000    0.000000    1.000000 1568.017822 2722.075439   55.686745  1999503360           0         277           1 -2013977798           2 -1962741247          -1          -1           1           0           0           0           0
p 059           1 0 2143617168       99567           8           0    0.250000   -0.000000    0.000000   -0.845083    0.534634 1563.257690 2726.017090   60.486744  1999503360           0         277           1 -2013977798          17       99567          -1          -1           0           0           0           0           0
p 059           1 0 2143682691       99574          26           0    1.000000    0.000000    0.000000    0.537084    0.843529 1561.482788 2722.272705   55.286743  1999503360           0         277           1 -2013977798          17       99574          -1          -1           0           0           0           0           0
p 059           1 0 2143813789        6632           8           0    1.600000    0.000000    0.000000    0.926816    0.375516 1558.043823 2728.662598   55.286743  1999503360           0         277           1 -2013977798          -1          -1           1        6632           0           0           0           0           0
p 059           1 0 2143748279         487           8           0    1.750000    0.000000    0.000000    0.000000    1.000000 1560.480835 2720.774902   55.436745  1999503360           0          81           1 -2013977798           2    88665050          -1          -1           0           0           0           0           0
p 059           1 0 2143879341        6435           8           0    1.000000   -0.457112   -0.153770    0.830296   -0.279308 1561.920898 2727.566650   61.329487  1999503360           0         150  1077936128           1          17        6435          -1          -1           0           0           0           0           0
p 059           1 0 2143944901        6434          10           0    1.000000    0.000000    0.000000    0.000000    1.000000 1559.931641 2726.057617   56.682129  1999503360           0         150  1077936128           1          17        6434          -1          -1           0           0           0           0           0
p 059           1 0 2144010437      195309           8           0    1.000000    0.000000    0.000000    0.000000    1.000000 1428.858154 2721.076172   55.121765  1999503360           0          -1           1 -2013977798          -1          -1           1      195309           0           0           1           1           0
p 059           1 0 2144075806        6644           8           0    1.350000    0.000000    0.000000    0.906302    0.422631 1578.150391 2718.457031   55.186546  1999503360           0          77   981663744           0          -1          -1           1        6644           0           0           0           0           0
p 059           1 0 2144141369        6644           8           0    1.350000    0.000000    0.000000    0.279867    0.960039 1553.750000 2716.250000   55.186745  1999503360           0          81           0           0          -1          -1           1        6644           0           0           0           0           0
p 059           1 0 2144207073        6644           8           0    1.350000    0.000000    0.000000    0.975342   -0.220699 1561.814453 2742.628906   55.186745  1999503360           0          81           1 -2013977798          -1          -1           1        6644           0           0           0           0           0
p 059           1 0 2144272504       99567           8           0    0.250000   -0.001030    0.011390    0.090011    0.995875 1555.270630 2723.887207   60.486744  1999503360           0          81           0           0          17       99567          -1          -1           0           0           0           0           0
p 059           1 0 2144403576       99567           8           0    0.250000   -0.009013   -0.003499    0.932176   -0.361875 1557.566284 2719.738770   60.486744  1999503360           0          81           1 -2013977798          17       99567          -1          -1           0           0           0           0           0
p 059           1 0 2144469190       99574          26           0    1.000000    0.000000    0.000000    0.279867    0.960039 1553.750000 2716.250000   55.186745  1999503360           0          81           1 -2013977798          17       99574          -1          -1           0           0           0           0           0
p 059           1 0 2144534585       99567           8           0    0.250000    0.000415    0.003600   -0.114417    0.993426 1564.687622 2721.599854   60.486744  1999503360           0          81           1 -2013977798          17       99567          -1          -1           0           0           0           0           0
p 059           1 0 2144600278       99574          26           0    1.000000    0.000000    0.000000    0.906302    0.422631 1578.150391 2718.457031   55.186546  1999503360           0          81           1 -2013977798          17       99574          -1          -1           0           0           0           0           0
p 059           1 0 2144731334       99567           8           0    0.250000    0.000420    0.003534   -0.118148    0.992990 1564.680420 2721.569580   60.486744  1999503360           0          81           1 -2013977798          17       99567          -1          -1           0           0           0           0           0
p 059           1 0 2144665720        4267           8           0    1.700000    0.000000    0.000000    0.000000    1.000000 1578.150391 2718.457031   55.686546  1999503360           0          81           1 -2013977798           2 -1962741247          -1          -1           1           0           0           0           0
p 059           1 0 2144796886       99567           8           0    0.250000   -0.002150    0.002279    0.686091    0.727509 1560.880127 2726.698486   60.486744  1999503360           0         277           1 -2013977798          17       99567          -1          -1           0           0           0           0           0
p 059           1 0 2144927942       99574          26           0    1.000000    0.000000    0.000000    0.975342   -0.220699 1561.814453 2742.628906   55.186745  1999503360           0         277           1 -2013977798          17       99574          -1          -1           0           0           0           0           0
p 052  1999503360          27          19          38       91324          -1          -1          -1          -1          -1          -1          -1          -1          -1      137975          -1      160591       87030       50549       71150         158         158           0          -1          63          96          96  119.999947  119.999931   21.918871  120.000191  119.999931   58.822571  119.999947  120.000000   21.918880  120.000191  120.000000   58.822582           0           0           0           0           0  2012348574       94002    0.000000    0.000000    0.000000    1.000000 1140.000000 2280.000000   27.000000          -1          -1
p 068  2012348574       94002    0.000000    0.000000    0.000000    1.000000 1140.000000 2280.000000   27.000000  1999503360           0
p 059           1 0 2144993478       99567           8           0    0.250000    0.000000    0.000000    0.971550   -0.236835 1497.116089 2718.549072   62.091213  1999503360           0      160591           1 -2013977798          17       99567          -1          -1           0           0           0           0           0
p 059           1 0 2145058846       99574          26           0    1.000000    0.000000    0.000000    0.275689    0.961247 1492.963257 2716.396484   56.891212  1999503360           0      160591           1 -2013977798          17       99574          -1          -1           0           0           0           0           0
p 059           1 0 2145124577      209200           8           0    1.000000    0.000000    0.000000    0.000000    1.000000 1492.963257 2716.396484   56.991215  1999503360           0      160591           1 -2013977798           2   126259832          -1          -1           1           0           0           0           0
p 059           1 0 2145190113       99567           8           0    0.250000    0.000000    0.000000    0.998533    0.054147 1488.809814 2719.994873   62.091213  1999503360           0      160591           1 -2013977798          17       99567          -1          -1           0           0           0           0           0
p 059           1 0 2145255644       99574          26           0    1.000000    0.000000    0.000000    0.065716   -0.997838 1475.081055 2721.458008   56.891212  1999503360           0      160591           1 -2013977798          17       99574          -1          -1           0           0           0           0           0
p 059           1 0 2145321080        6435           8           0    1.000000   -0.128361   -0.014913    0.984990   -0.114435 1489.210815 2718.732422   62.933956  1999503360           0      160591           1 -2013977798          17        6435          -1          -1           0           0           0           0           0
p 059           1 0 2145386526        6434          10           0    1.000000    0.000000    0.000000    0.000000    1.000000 1481.321411 2716.874023   60.678673  1999503360           0      160591           1 -2013977798          17        6434          -1          -1           0           0           0           0           0
p 059           1 0 2145452252        6435           8           0    1.000000   -0.128361   -0.014913    0.984990   -0.114435 1489.210815 2718.732422   62.933956  1999503360           0      160591           1 -2013977798          17        6435          -1          -1           0           0           0           0           0
p 059           1 0 2145583285        6434          10           0    1.000000    0.000000    0.000000    0.000000    1.000000 1481.953003 2717.019043   60.678673  1999503360           0      160591           1 -2013977798          17        6434          -1          -1           0           0           0           0           0
p 059           1 0 2145517688      209200           8           0    1.000000    0.000000    0.000000    0.000000    1.000000 1482.974731 2717.256104   57.291214  1999503360           0      160591           1 -2013977798           2   126259832          -1          -1           1           0           0           0           0
p 059           1 0 2145648760       86400           8           0    0.767000    0.000000    0.000000   -0.382683    0.923880 1453.584961 2792.189209   60.378174  1999503360           0      160591           1 -2013977798          -1          -1           1       86400           0           0           1           1           0
p 059           1 0 2145714357       86428           8           0    1.000000    0.000000    0.000000    0.000000    1.000000 1409.063721 2783.452148   57.109245  1999503360           0          77           1 -2013977798          -1          -1           1       86428           0           0           1           1           0
p 059           1 0 2145779742       86428           8           0    0.767000    0.000000    0.000000    0.374081    0.927396 1438.238403 2792.189209   60.378174  1999503360           0          77   981663744           0          -1          -1           1       86428           0           0           1           1           0
