v 1
# ENTER WORLD  1999896582 (sno:       60713) at  190.435562  192.339966   25.349327
s  190.435562  192.339966   25.349327
p 055  1999896582       60713
p 051  190.435562  192.339966   25.349327  1999896582       60713
p 052  1999896582           0           0           0       60714          -1          -1          -1       50579           0          -1          -1           0          -1      211710          -1      163837       87018       50535       60713           0           0           0          -1          63         140         152  118.749969  193.750031   -4.473953  231.250061  193.750031   81.872223  161.144531  193.750031  -10.615204  273.644623  193.750031  123.147202        3083           0           0           0           1  2022965568       60885    0.000000    0.000000    0.000000    1.000000    0.000000    0.000000    0.000000          -1          -1
p 068  2022965568       60885    0.000000    0.000000    0.000000    1.000000    0.000000    0.000000    0.000000  1999896582           4
p 059           1 0 -2071068372         327          24           0    1.000000    0.000000    0.000000    0.684950    0.728590  119.916183  116.078690    1.265986  1999896582          -1      163837       87018       50535          -1          -1           1         327           0           0           1           1           0
p 059           1 0 -2071002862        4675          24           0    1.000000    0.000000    0.000000    0.617080    0.786901  120.681442  164.227844    0.237510  1999896582          -1          77   981663744           0          -1          -1           1        4675           0           0           1           1           0
p 059           1 0 -2070937341        4675          24           0    1.000000    0.000000    0.000000    0.725374    0.688355  122.659599  135.550705    0.726229  1999896582          -1          67           0           0          -1          -1           1        4675           0           0           1           1           0
p 059           1 0 -2070871806        4675          24           0    1.000000    0.000000    0.000000    0.725374    0.688355  115.739983  133.238144   -0.125498  1999896582          -1          67           0           0          -1          -1           1        4675           0           0           1           1           0
p 059           1 0 -2070806271        4675          24           0    1.000000    0.000000    0.000000    0.725374    0.688355  113.576477  140.068054   -0.436390  1999896582          -1          67           0           0          -1          -1           1        4675           0           0           1           1           0
p 059           1 0 -2070740736      196224           8           0    1.000000    0.000000    0.000000    0.000000    1.000000  120.234154  138.509262   -3.371872  1999896582          -1          67           0           0          -1          -1           1      196224           0           0           1           1           0
p 059           1 0 -2070675203      196224           8           0    1.000000    0.000000    0.000000    0.000000    1.000000  121.861473  136.662140    0.368793  1999896582          -1          67           0           0          -1          -1           1      196224           0           0           1           1           0
p 059           1 0 -2070544133        5913          24           0    1.000000    0.000000    0.000000    0.000000    1.000000  113.968292  201.625137    0.100004  1999896582          -1          67           0           0          -1          -1           1        5913           0           0           1           1           0
p 059           1 0 -2070478598        4675          24           0    1.000000    0.000000    0.000000   -0.417128    0.908848  118.706421  173.859390    0.100004  1999896582          -1          77   981663744           0          -1          -1           1        4675           0           0           1           1           0
p 059           1 0 -2070413063        5913          24           0    1.000000    0.000000    0.000000    0.000000    1.000000   95.247147  193.206955    0.100004  1999896582          -1          67           0           0          -1          -1           1        5913           0           0           1           1           0
p 059           1 0 -2070347528        5913          24           0    1.000000    0.000000    0.000000    0.000000    1.000000   93.580818  214.989426    0.100004  1999896582          -1          77   981663744           0          -1          -1           1        5913           0           0           1           1           0
p 059           1 0 -2070216458       81443          24           0    1.000000    0.000000    0.000000    0.466357    0.884597  109.289925  184.886108    0.100004  1999896582          -1          77   981663744           0          -1          -1           1       81443           0           0           1           1           0
p 059           1 0 -2070150923        5991          24           0    1.000000    0.000000    0.000000    0.000000    1.000000  130.854858  227.475967    6.537037  1999896582          -1          77   981663744           0          -1          -1           1        5991           0           0           1           1           0
p 059           1 0 -2070085388       81443          24           0    1.000000    0.000000    0.000000    0.979756   -0.200197  123.440788  172.211777    1.091281  1999896582          -1          77   981663744           0          -1          -1           1       81443           0           0           1           1           0
p 059           1 0 -2070019853        4176          24           0    3.750000    0.000000    0.000000    0.000000    1.000000  116.976837  134.070480   -0.229031  1999896582          -1          77   981663744           0          17        4176           1        4176           0           0           1           1           0
p 059           1 0 -2069954319        5992          24           0    1.000000    0.000000    0.000000    0.000000    1.000000  126.329109  151.299942    0.658151  1999896582          -1          77   981663744           0          -1          -1           1        5992           0           0           1           1           0
p 059           1 0 -2069888786        4675          24           0    1.000000    0.000051    0.000051    0.707107    0.707107  119.260422  151.126358    0.658154  1999896582          -1          77   981663744           0          -1          -1           1        4675           0           0           1           1           0
p 059           1 0 -2069823253        5992          24           0    1.000000    0.000000    0.000000    0.000000    1.000000  181.750183  191.857300   24.288630  1999896582          -1          67           0           0          -1          -1           1        5992           0           0           1           1           0
p 059           1 0 -2069757718        5502           8           0    1.000000    0.000285    0.000091    0.923257   -0.384183  182.205521  192.005844   25.313898  1999896582          -1          77   981663744           0          -1          -1           1        5502           0           0           1           1           0
p 059           1 0 -2069692184        4675          24           0    1.000000    0.000051    0.000051    0.707107    0.707107  120.374718  125.287704    0.905457  1999896582          -1          77   981663744           0          -1          -1           1        4675           0           0           1           1           0
p 059           1 0 -2069626650       81419          24           0    1.000000    0.000000    0.000000    0.981537   -0.191275  127.469681  172.789978    2.443298  1999896582          -1          67           0           0          -1          -1           1       81419           0           0           1           1           0
p 059           1 0 -2069561115        5913          24           0    1.000000    0.000000    0.000000    0.000000    1.000000  113.500938  216.595001    0.100004  1999896582          -1          77   981663744           0          -1          -1           1        5913           0           0           1           1           0
p 059           1 0 -2069495584      115419          24           0    1.000000    0.000000    0.000000    0.000000    1.000000  104.167892  207.990723    0.100001  1999896582          -1          77   981663744           0          -1          -1           1      115419           0           0           1           1           0
p 059           1 0 -2069430050       81418          24           0    1.000000    0.000000    0.000000    0.000000    1.000000  113.676704  157.860687    0.399993  1999896582          -1          77   981663744           0          -1          -1           1       81418           0           0           1           1           0
p 059           1 0 -2069233447        4675          24           0    1.000000    0.000000    0.000000    0.725374    0.688355  119.380432  132.581635    0.960950  1999896582          -1          77   981663744           0          -1          -1           1        4675           0           0           1           1           0
p 059           1 0 -2069167913        4675          24           0    1.000000    0.000000    0.000000    0.999222   -0.039438   85.644920  158.132355    0.258745  1999896582          -1          67           0           0          -1          -1           1        4675           0           0           1           1           0
p 059           1 0 -2069102383        5992          24           0    1.000000    0.000000    0.000000    0.000000    1.000000  120.209778  124.835434    0.905995  1999896582          -1          67           0           0          -1          -1           1        5992           0           0           1           1           0
p 059           1 0 -2069036851       81443          24           0    1.000000    0.000000    0.000000   -0.225676    0.974202  104.539200  195.743164    0.100001  1999896582          -1          77   981663744           0          -1          -1           1       81443           0           0           1           1           0
p 059           1 0 -2068971322        5913          24           0    1.000000    0.000176   -0.000068   -0.460825    0.887491  113.529793  165.291031    0.182200  1999896582          -1          77   981663744           0          -1          -1           1        5913           0           0           1           1           0
p 059           1 0 -2068905787        4675          24           0    1.000000    0.000000    0.000000    0.725374    0.688355  122.541733  147.727982    1.104779  1999896582          -1          77   981663744           0          -1          -1           1        4675           0           0           1           1           0
p 059           1 0 -2068840254        5502           8           0    1.000000    0.000000    0.000000    0.000000    1.000000   86.489708  157.716614    0.658170  1999896582          -1          67           0           0          -1          -1           1        5502           0           0           1           1           0
p 059           1 0 -2068774724       81443          24           0    1.000000    0.000000    0.000000    0.026705    0.999643  103.547157  217.934464    0.100003  1999896582          -1          77   981663744           0          -1          -1           1       81443           0           0           1           1           0
p 059           1 0 -2068709192        5773           8           0    1.000000    0.000000    0.000000    0.608761    0.793353  179.907394   90.773087    0.092621  1999896582          -1          77   981663744           0          -1          -1           1        5773           0           0           1           1           0
p 059           1 0 -2068643658        6019           8           0    1.000000    0.000000    0.000000    0.965926   -0.258819  181.109406  102.117287    0.247456  1999896582          -1          77   981663744           0          -1          -1           1        6019           0           0           1           1           0
p 059           1 0 -2068578123        5773           8           0    1.000000    0.000000    0.000000   -0.055898    0.998437   92.934158  178.260468    0.092619  1999896582          -1          77   981663744           0          -1          -1           1        5773           0           0           1           1           0
p 059           1 0 -2068512591      176987           8           0    1.000000    0.000000    0.000000    0.000000    1.000000  138.288574  120.824165   31.803097  1999896582          -1          77   981663744           0          -1          -1           1      176987           0           0           1           1           0
p 059           1 0 -2068447056      176987           8           0    0.529774    0.000000    0.000000    0.000000    1.000000  153.128372  152.628448   48.347332  1999896582          -1          77   981663744           0          -1          -1           1      176987           0           0           1           1           0
p 059           1 0 -2068381521      176987           8           0    0.533679    0.000000    0.000000    0.000000    1.000000  155.003326  149.040665   47.877113  1999896582          -1          77   981663744           0          -1          -1           1      176987           0           0           1           1           0
p 059           1 0 -2068315986      176987           8           0    0.523407    0.000000    0.000000    0.000000    1.000000  156.224762  163.835770   53.383316  1999896582          -1          77   981663744           0          -1          -1           1      176987           0           0           1           1           0
p 059           1 0 -2068250451       80652           8           0    1.350000    0.000000    0.000000    0.685183    0.728371  122.108772   95.248802    1.284692  1999896582          -1          77   981663744           0          -1          -1           1       80652           0           0           1           1           0
p 059           1 0 -2068184921      176987           8           0    0.832881    0.000000    0.000000    0.000000    1.000000  152.959259  141.302582   44.309212  1999896582          -1          77  1081180160           0          -1          -1           1      176987           0           0           1           1           0
p 059           1 0 -2068119389        6070          24           0    0.721000    0.000000    0.000000    0.000000    1.000000  122.641685  140.148224    1.346353  1999896582          -1          77   981663744           0          -1          -1           1        6070           0           0           1           1           0
p 059           1 0 -2068053860       78439           8           0    1.029199    0.000000    0.000000    0.000000    1.000000  119.540077  140.657990   -4.535155  1999896582          -1          77   981663744           0          -1          -1           1       78439           0           0           1           1           0
p 059           1 0 -2070281993      102386           8           0    1.350000    0.000000    0.000000    0.678802    0.734322  119.706474   96.381363    1.020169  1999896582          -1          77   981663744           0          -1          -1           1      102386           0           0           1           1           0
p 059           1 0 -2070609668      102386           8           0    1.350000    0.000000    0.000000    0.617080    0.786901  120.681442  164.227844    0.237510  1999896582           0         300           1           0          -1          -1           1      102386           0           0           1           1           0
p 059           1 0 -2067988208       80652           8           0    1.350000    0.000000    0.000000    0.685183    0.728371  118.255737   94.994827    1.024415  1999896582           0          -1          -1          -1          -1          -1           1       80652           0           0           1           1           0
p 059           1 0 -2067922690       80652           8           0    1.350000    0.000024    0.000024    0.707107    0.707107  117.670578   91.542076    1.468614  1999896582           0          77  1082515456           0          -1          -1           1       80652           0           0           1           1           0
p 059           1 0 -2067857377        5723           8           0    1.000000    0.000000    0.000000    0.000000    1.000000   72.578682  158.027649    0.048044  1999896582           0          77  1084227584           0          -1          -1           1        5723           0           0           1           1           0
p 059           1 0 -2067791618       87012           8           0    1.600000    0.000000    0.000000    0.979756   -0.200197  123.750000  171.250000    0.991280  1999896582           0          -1           1 -2013977798          -1          -1           1       87012           0           0           0           0           0
p 059           1 0 -2067726064       87012           8           0    1.600000    0.000000    0.000000    0.981537   -0.191275  127.214821  174.714828    0.991283  1999896582       30582          81           0           0          -1          -1           1       87012           0           0           0           0           0
p 059           1 0 -2067660627       87012           8           0    1.600000    0.000000    0.000000    0.000000    1.000000  113.750000  158.750000    0.403801  1999896582       30582          81           0           0          -1          -1           1       87012           0           0           0           0           0
p 059           1 0 -2067595042       87012           8           0    1.600000    0.000176   -0.000068   -0.460825    0.887491  113.750000  166.250000    0.000000  1999896582       30582          81           0           0          -1          -1           1       87012           0           0           0           0           0
p 059           1 0 -2069364516        5502           0           0    1.000000    0.000000    0.000000    0.018783    0.999824   19.821213  229.494980  -24.611557  1999896582           0          81           1   259168006          -1          -1           1        5502           0           0           1           1           0
p 059           1 0 -2067529553        5773           8           0    1.000000    0.000000    0.000000    0.187306    0.982302  106.673065  296.723145    0.092621  1999896582           0          77           1 -2013977798          -1          -1           1        5773           0           0           1           1           0
p 059           1 0 -2067464036         357           8           0    1.000000    0.000000    0.000000    0.000000    1.000000   35.687233  249.984497  -25.007759  1999896582           0          77   981663744           0          -1          -1           1         357           0           0           1           1           0
p 059           1 0 -2067398458        3948          24           0    1.000000    0.000000    0.000000    0.000000    1.000000   37.206966  214.308426  -25.004448  1999896582           0          77   981663744           0          -1          -1           1        3948           0           0           1           1           0
p 059           1 0 -2067332890        5854           8           0    1.009230    0.000000    0.000000    0.926279    0.376838   36.544167  254.808365  -25.007759  1999896582           0          77   981663744           0          -1          -1           1        5854           0           0           1           1           0
p 059           1 0 -2067267340         357           8           0    1.000000    0.000000    0.000000   -0.642787    0.766045   36.034233  259.462494  -25.007751  1999896582           0          77   981663744           0          -1          -1           1         357           0           0           1           1           0
p 059           1 0 -2067201803        5730           8           0    1.000000    0.000000    0.000000    0.000000    1.000000   72.304443  297.183441   -0.295532  1999896582           0          77   981663744           0          -1          -1           1        5730           0           0           1           1           0
p 059           1 0 -2067136265        6019           8           0    1.000000    0.000000    0.000000    0.965926   -0.258819  111.292480  300.023590    0.247463  1999896582           0          77   981663744           0          -1          -1           1        6019           0           0           1           1           0
p 059           1 0 -2067070676       87012           8           0    1.600000    0.000000    0.000000   -0.225676    0.974202  110.601463  202.172256    0.000000  1999896582           0          77   981663744           0          -1          -1           1       87012           0           0           0           0           0
p 059           1 0 -2067005165        5853           8           0    1.011424    0.000000    0.000000    0.927914   -0.372793   19.759300  254.780273  -25.007767  1999896582       30582          81           0           0          -1          -1           1        5853           0           0           1           1           0
p 059           1 0 -2066939631        5854           8           0    1.007005    0.000000    0.000000    0.275648   -0.961259   23.788151  257.097809  -24.822548  1999896582       30582          77   981663744           0          -1          -1           1        5854           0           0           1           1           0
p 059           1 0 -2066874140        5853           8           0    1.084906    0.000000    0.000000    0.539693    0.841862   20.401361  204.823105  -24.598473  1999896582       30582          77   981663744           0          -1          -1           1        5853           0           0           1           1           0
p 059           1 0 -2066808607        5852           8           0    1.083912    0.000000    0.000000    0.834743    0.550640   19.219585  211.037659  -24.598473  1999896582       30582          77   981663744           0          -1          -1           1        5852           0           0           1           1           0
p 059           1 0 -2066743091        3949           8           0    1.000000    0.000000    0.000000   -0.216440    0.976296   17.176445  249.694412  -24.822548  1999896582           0          77           1 -2013977798          -1          -1           1        3949           0           0           1           1           0
p 059           1 0 -2066677537        5740           8           0    1.000000    0.000000    0.000000    0.775410    0.631458   14.114182  215.480408  -24.598469  1999896582           0          77   981663744           0          -1          -1           1        5740           0           0           1           1           0
p 059           1 0 -2066612003       87012           8           0    1.600000    0.000000    0.000000    0.026705    0.999643  110.191673  220.587494    0.000004  1999896582           0          77   981663744           0          -1          -1           1       87012           0           0           0           0           0
p 059           1 0 -2068184921      176987           0           0    0.832881    0.000000    0.000000    0.000000    1.000000  152.959259  141.302582   44.309212  1999896582       30582          81           0           0          -1          -1           1      176987           0           0           1           1           0
p 059           1 0 -2068512591      176987           0           0    1.000000    0.000000    0.000000    0.000000    1.000000  138.288574  120.824165   31.803097  1999896582       30582          77   981663744           0          -1          -1           1      176987           0           0           1           1           0
p 059           1 0 -2066546500       87012           8           0    1.600000    0.000000    0.000000    0.466357    0.884597  109.784187  174.554062    0.000004  1999896582       30582          77   981663744           0          -1          -1           1       87012           0           0           0           0           0
p 059           1 0 -2068315986      176987           0           0    0.523407    0.000000    0.000000    0.000000    1.000000  156.224762  163.835770   53.383316  1999896582       30582          81           0           0          -1          -1           1      176987           0           0           1           1           0
p 059           1 0 -2068447056      176987           0           0    0.529774    0.000000    0.000000    0.000000    1.000000  153.128372  152.628448   48.347332  1999896582       30582          77   981663744           0          -1          -1           1      176987           0           0           1           1           0
p 059           1 0 -2068709192        5773           0           0    1.000000    0.000000    0.000000    0.608761    0.793353  179.907394   90.773087    0.092621  1999896582          -1           2   981663744        6526          -1          -1           1        5773           0           0           1           1           0
p 059           1 0 -2068643658        6019           0           0    1.000000    0.000000    0.000000    0.965926   -0.258819  181.109406  102.117287    0.247456  1999896582           0          77           1 -2013977798          -1          -1           1        6019           0           0           1           1           0
p 059           1 0 -2066480906        4402          26           0    1.000000    0.000000    0.000000    0.843318   -0.537415  120.248466  174.257980    0.140849  1999896582           0          77   981663744           0          17        4402          -1          -1           0           0           0           0           0
p 059           1 0 -2066415398       99567           8           0    0.250000   -0.022409   -0.010507    0.905140   -0.424392  117.587807  171.060089    5.340848  1999896582          -1          -1           1      102386          17       99567          -1          -1           0           0           0           0           0
p 059           1 0 -2066349864       99574          26           0    1.000000    0.000000    0.000000    0.141455   -0.989945  114.801552  165.943222    0.294284  1999896582           0          -1           1      102386          17       99574          -1          -1           0           0           0           0           0
p 059           1 0 -2066284330        4267           8           0    1.700000    0.000000    0.000000    0.000000    1.000000  114.801552  165.943222    0.500000  1999896582           0          -1           1      102386           2 -1962741247          -1          -1           1           0           0           0           0
p 059           1 0 -2066218786       99567           8           0    0.250000   -0.018207   -0.009063    0.895033   -0.445537  117.740677  170.938858    5.340848  1999896582           0         277           1      102386          17       99567          -1          -1           0           0           0           0           0
p 059           1 0 -2066153256       99572          26           0    1.000000   -0.018207   -0.009063    0.895033   -0.445537   97.412003  144.033035    3.968277  1999896582           0         277           1 -2013977798          17       99572          -1          -1           0           0           0           0           0
p 059           1 0 -2066087722      156058           8           0    1.000000    0.000000    0.000000   -0.708609    0.705602    8.349256  229.634766  -24.408775  1999896582           0         277           1 -2013977798          -1          -1           1      156058           0           0           1           1           0
p 059           1 0 -2066022178       99567           8           0    0.250000    0.001897   -0.006960    0.262912    0.964793  110.267273  166.505966    5.300003  1999896582           0          77   981663744           0          17       99567          -1          -1           0           0           0           0           0
p 059           1 0 -2065956648       99572          26           0    1.000000    0.001897   -0.006960    0.262912    0.964793  149.041870  189.333771    5.949241  1999896582           0          77           1 -2013977798          17       99572          -1          -1           0           0           0           0           0
p 059           1 0 -2065891106       99567           8           0    0.250000    0.006024   -0.037373    0.159013    0.986550  110.631683  165.702606    5.300004  1999896582           0          77           1 -2013977798          17       99567          -1          -1           0           0           0           0           0
p 059           1 0 -2065825546       99574          26           0    1.000000    0.000000    0.000000    0.991784    0.127924  123.134018  169.840378    1.099211  1999896582           0          77           1 -2013977798          17       99574          -1          -1           0           0           0           0           0
p 059           1 0 -2065760002       99567           8           0    0.250000   -0.016758   -0.210977   -0.077389    0.974279  110.790230  163.738892    5.300004  1999896582           0          77           1 -2013977798          17       99567          -1          -1           0           0           0           0           0
p 059           1 0 -2065694498       99574          26           0    1.000000    0.000000    0.000000    0.979343    0.202207  115.875946  160.430115    0.360840  1999896582           0          77           1 -2013977798          17       99574          -1          -1           0           0           0           0           0
p 059           1 0 -2065628938       99567           8           0    0.250000   -0.025098   -0.251387   -0.096122    0.962775  110.760284  163.573151    5.300003  1999896582           0          77           1 -2013977798          17       99567          -1          -1           0           0           0           0           0
p 059           1 0 -2065563426       99567           8           0    0.250000    0.003238   -0.014464    0.218444    0.975737  110.445251  166.169281    5.300004  1999896582           0          77           1 -2013977798          17       99567          -1          -1           0           0           0           0           0
p 059           1 0 -2065497896       99574          26           0    1.000000    0.000000    0.000000    0.698233   -0.715870  120.514572  170.915741    0.430117  1999896582           0          77           1 -2013977798          17       99574          -1          -1           0           0           0           0           0
p 059           1 0 -2065432276       99572          26           0    1.000000   -0.025098   -0.251387   -0.096122    0.962775  173.826126  150.853622   41.355171  1999896582           0          77           1 -2013977798          17       99572          -1          -1           0           0           0           0           0
p 059           1 0 -2065366794       99567           8           0    0.250000    0.001064   -0.004281    0.241143    0.970479  110.358559  166.342606    5.300004  1999896582           0          77           1 -2013977798          17       99567          -1          -1           0           0           0           0           0
p 059           1 0 -2065301204       99572          26           0    1.000000    0.001064   -0.004281    0.241143    0.970479  151.227982  187.989456    5.708063  1999896582           0          77           1 -2013977798          17       99572          -1          -1           0           0           0           0           0
p 059           1 0 -2065235722       99567           8           0    0.250000    0.001381   -0.010529    0.130028    0.991453  110.701691  165.468201    5.300003  1999896582           0          77           1 -2013977798          17       99567          -1          -1           0           0           0           0           0
p 059           1 0 -2065170216       99574          26           0    1.000000    0.000000    0.000000    0.991509   -0.130035  119.751129  167.883392    0.298959  1999896582           0          77           1 -2013977798          17       99574          -1          -1           0           0           0           0           0
p 059           1 0 -2065104624       99567           8           0    0.250000   -0.000000   -0.000000    0.492530    0.870296  108.823982  167.961884    5.300004  1999896582           0          77           1 -2013977798          17       99567          -1          -1           0           0           0           0           0
p 059           1 0 -2065039114       99574          26           0    1.000000    0.000000    0.000000    0.870290   -0.492539  110.667068  171.030991    0.100004  1999896582           0          77           1 -2013977798          17       99574          -1          -1           0           0           0           0           0
p 059           1 0 -2064973608       99567           8           0    0.250000   -0.000000    0.000000    0.727062    0.686572  106.444328  168.548676    5.300004  1999896582           0          77           1 -2013977798          17       99567          -1          -1           0           0           0           0           0
p 059           1 0 -2064907988       99574          26           0    1.000000    0.000000    0.000000    0.247537   -0.968878  106.239418  172.122803    0.100003  1999896582           0          77           1 -2013977798          17       99574          -1          -1           0           0           0           0           0
p 059           1 0 -2064842506       99567           8           0    0.250000   -0.000000    0.000000    0.727062    0.686572  106.444328  168.548676    5.300004  1999896582           0          77           1 -2013977798          17       99567          -1          -1           0           0           0           0           0
p 059           1 0 -2064777000       99574          26           0    1.000000    0.000000    0.000000    0.247537   -0.968878  106.239418  172.122803    0.100003  1999896582           0          77           1 -2013977798          17       99574          -1          -1           0           0           0           0           0
p 059           1 0 -2064645923       87012           8           0    1.600000    0.000000    0.000000    0.000000    1.000000  110.273499  219.843597    0.000004  1999896582           0          77           1 -2013977798          -1          -1           1       87012           0           0           0           0           0
p 059           1 0 -2064711492        4267           8           0    1.700000    0.000000    0.000000    0.000000    1.000000  106.239418  172.122803    0.500000  1999896582       30582          81           0           0           2 -1962741247          -1          -1           1           0           0           0           0
p 059           1 0 -2064580379       87012           8           0    1.600000    0.000000    0.000000    0.000000    1.000000   94.826767  223.510345    0.000004  1999896582       30582         277           1           0          -1          -1           1       87012           0           0           0           0           0
p 059           1 0 -2069823253        5992          16           0    1.000000    0.000000    0.000000    0.000000    1.000000  181.750183  191.857300   24.288630  1999896582           0          81           1 -2013977798          -1          -1           1        5992           0           0           1           1           0
p 059           1 0 -2064514856       87012           8           0    1.600000    0.000000    0.000000    0.000000    1.000000  101.752991  192.059006    0.000004  1999896582           0          77   981663744           0          -1          -1           1       87012           0           0           0           0           0
p 059           1 0 -2069364516        5502           0           0    1.000000    0.000000    0.000000    0.018783    0.999824   19.821213  229.494980  -24.611557  1999896582       30582          81           0           0          -1          -1           1        5502           0           0           1           1           0
p 059           1 0 -2064449287       87012           8           0    1.600000    0.000000    0.000000    0.000000    1.000000  120.508759  195.222168    0.000004  1999896582           0          77   981663744           0          -1          -1           1       87012           0           0           0           0           0
p 059           1 0 -2067464036         357           0           0    1.000000    0.000000    0.000000    0.000000    1.000000   35.687233  249.984497  -25.007759  1999896582           0          81           0           0          -1          -1           1         357           0           0           1           1           0
p 059           1 0 -2064383749       99567           8           0    0.250000   -0.000000   -0.000000    0.700102    0.714043  106.346718  193.381912    5.300003  1999896582           0          77   981663744           0          17       99567          -1          -1           0           0           0           0           0
p 059           1 0 -2064318276      115403           8           0    2.280000    0.000000    0.000000    0.000000    1.000000  106.029266  201.100906    0.000004  1999896582           0          77   981663744           0          -1          -1           1      115403           4           0           0           0           0
p 059           1 0 -2064252704       99572          26           0    1.000000   -0.000000   -0.000000    0.700102    0.714043  107.800690  267.117584    5.300003  1999896582           0          81           1 -2013977798          17       99572          -1          -1           0           0           0           0           0
p 059           1 0 -2064187141        5740           8           0    1.000000    0.000000    0.000000    0.629358    0.777116   13.154327  245.328644  -24.822552  1999896582           0          81           1 -2013977798          -1          -1           1        5740           0           0           1           1           0
p 059           1 0 -2067332890        5854           0           0    1.009230    0.000000    0.000000    0.926279    0.376838   36.544167  254.808365  -25.007759  1999896582           0          77   981663744           0          -1          -1           1        5854           0           0           1           1           0
p 059           1 0 -2064121608       99567           8           0    0.250000    0.000000    0.000000   -0.261255    0.965270  115.367622  197.236191    5.300003  1999896582           0          77   981663744           0          17       99567          -1          -1           0           0           0           0           0
p 059           1 0 -2064056020       99574          26           0    1.000000    0.000000    0.000000    0.998134    0.061066  118.364868  195.485504    0.100001  1999896582           0          77   981663744           0          17       99574          -1          -1           0           0           0           0           0
p 059           1 0 -2066743091        3949           0           0    1.000000    0.000000    0.000000   -0.216440    0.976296   17.176445  249.694412  -24.822548  1999896582           0          77   981663744           0          -1          -1           1        3949           0           0           1           1           0
p 059           1 0 -2067267340         357           0           0    1.000000    0.000000    0.000000   -0.642787    0.766045   36.034233  259.462494  -25.007751  1999896582           0          77   981663744           0          -1          -1           1         357           0           0           1           1           0
p 059           1 0 -2063990538        4267           8           0    1.700000    0.000000    0.000000    0.000000    1.000000  118.364868  195.485504    0.500000  1999896582           0          77   981663744           0           2 -1962741247          -1          -1           1           0           0           0           0
p 059           1 0 -2066743091        3949           0           0    1.000000    0.000000    0.000000   -0.216440    0.976296   17.176445  249.694412  -24.822548  1999896582           0         277           1 -2013977798          -1          -1           1        3949           0           0           1           1           0
p 059           1 0 -2067267340         357           0           0    1.000000    0.000000    0.000000   -0.642787    0.766045   36.034233  259.462494  -25.007751  1999896582           0          77   981663744           0          -1          -1           1         357           0           0           1           1           0
p 059           1 0 -2066939631        5854           0           0    1.007005    0.000000    0.000000    0.275648   -0.961259   23.788151  257.097809  -24.822548  1999896582           0          77   981663744           0          -1          -1           1        5854           0           0           1           1           0
p 059           1 0 -2067005165        5853           0           0    1.011424    0.000000    0.000000    0.927914   -0.372793   19.759300  254.780273  -25.007767  1999896582           0          77   981663744           0          -1          -1           1        5853           0           0           1           1           0
p 059           1 0 -2063924948        4402          26           0    1.000000    0.000000    0.000000    0.999322    0.036805  107.495598  208.485016    0.100004  1999896582           0          77   981663744           0          17        4402          -1          -1           0           0           0           0           0
p 059           1 0 -2069823253        5992          16           0    1.000000    0.000000    0.000000    0.000000    1.000000  181.750183  191.857300   24.288630  1999896582           0          77           1 -2013977798          -1          -1           1        5992           0           0           1           1           0
p 059           1 0 -2063859483       99567           8           0    0.250000    0.000000    0.000000   -0.818300    0.574791  110.588905  208.157455    5.300003  1999896582           0          77   981663744           0          17       99567          -1          -1           0           0           0           0           0
p 059           1 0 -2063793930       99574          26           0    1.000000    0.000000    0.000000    0.739695    0.672942  108.163704  201.432251    0.100003  1999896582           0          77   981663744           0          17       99574          -1          -1           0           0           0           0           0
p 059           1 0 -2067529553        5773           0           0    1.000000    0.000000    0.000000    0.187306    0.982302  106.673065  296.723145    0.092621  1999896582           0          77   981663744           0          -1          -1           1        5773           0           0           1           1           0
p 059           1 0 -2063728340       99567           8           0    0.250000   -0.000000   -0.000000    0.875372   -0.483451  116.645103  214.911972    5.300004  1999896582           0          77   981663744           0          17       99567          -1          -1           0           0           0           0           0
p 059           1 0 -2063662875       99574          26           0    1.000000    0.000000    0.000000    0.739695    0.672942  108.163704  201.432251    0.100003  1999896582           0          77           1 -2013977798          17       99574          -1          -1           0           0           0           0           0
p 059           1 0 -2063597322       99567           8           0    0.250000   -0.000000   -0.000000    0.875372   -0.483451  116.645103  214.911972    5.300004  1999896582           0          77           1 -2013977798          17       99567          -1          -1           0           0           0           0           0
p 059           1 0 -2063531732       99574          26           0    1.000000    0.000000    0.000000    0.739695    0.672942  108.163704  201.432251    0.100003  1999896582           0          77           1 -2013977798          17       99574          -1          -1           0           0           0           0           0
p 059           1 0 -2063466267       99567           8           0    0.250000    0.000000    0.000000    0.875372   -0.483450  116.645103  214.911972    5.300004  1999896582           0          77           1 -2013977798          17       99567          -1          -1           0           0           0           0           0
p 059           1 0 -2063400714       99574          26           0    1.000000    0.000000    0.000000    0.483457    0.875368  110.717377  205.490906    0.100004  1999896582           0          77           1 -2013977798          17       99574          -1          -1           0           0           0           0           0
p 059           1 0 -2063335124       99567           8           0    0.250000    0.000000    0.000000    0.875372   -0.483449  116.645103  214.911972    5.300004  1999896582           0          77           1 -2013977798          17       99567          -1          -1           0           0           0           0           0
p 059           1 0 -2063269659       99574          26           0    1.000000    0.000000    0.000000    0.483457    0.875368  113.017990  209.147339    0.100004  1999896582           0          77           1 -2013977798          17       99574          -1          -1           0           0           0           0           0
p 059           1 0 -2063204106       99567           8           0    0.250000    0.000000    0.000000    0.905136   -0.425123  121.104660  218.893616    5.300003  1999896582           0          77           1 -2013977798          17       99567          -1          -1           0           0           0           0           0
p 059           1 0 -2063138516       99574          26           0    1.000000    0.000000    0.000000    0.483457    0.875368  113.017990  209.147339    0.100004  1999896582           0          77           1 -2013977798          17       99574          -1          -1           0           0           0           0           0
p 059           1 0 -2063073051       99567           8           0    0.250000    0.000000    0.000000    0.939743   -0.341883  126.903183  220.797729    5.299999  1999896582           0          77           1 -2013977798          17       99567          -1          -1           0           0           0           0           0
p 059           1 0 -2063007498       99574          26           0    1.000000    0.000000    0.000000    0.342927    0.939362  116.321960  211.930511    0.100004  1999896582           0          77           1 -2013977798          17       99574          -1          -1           0           0           0           0           0
p 059           1 0 -2068643658        6019           0           0    1.000000    0.000000    0.000000    0.965926   -0.258819  181.109406  102.117287    0.247456  1999896582           0          77           1 -2013977798          -1          -1           1        6019           0           0           1           1           0
p 059           1 0 -2068709192        5773           0           0    1.000000    0.000000    0.000000    0.608761    0.793353  179.907394   90.773087    0.092621  1999896582           0          77   981663744           0          -1          -1           1        5773           0           0           1           1           0
p 059           1 0 -2062941908       99567           8           0    0.250000   -0.016784   -0.005036    0.957667   -0.287344  135.801208  225.216064    5.899967  1999896582           0          77           1 -2013977798          17       99567          -1          -1           0           0           0           0           0
p 059           1 0 -2062876443       99574          26           0    1.000000    0.000000    0.000000    0.291504    0.956570  123.309166  217.000305    0.100003  1999896582           0          77           1 -2013977798          17       99574          -1          -1           0           0           0           0           0
p 059           1 0 -2062810890       99567           8           0    0.250000   -0.033858   -0.010141    0.957355   -0.286745  135.798996  225.219452    5.899967  1999896582           0          77           1 -2013977798          17       99567          -1          -1           0           0           0           0           0
p 059           1 0 -2062745300       99574          26           0    1.000000    0.000000    0.000000    0.286916    0.957956  128.722244  220.562439    0.100000  1999896582           0          77           1 -2013977798          17       99574          -1          -1           0           0           0           0           0
p 059           1 0 -2062679835       99567           8           0    0.250000   -0.264526   -0.037360    0.954185   -0.134761  142.103210  225.966156   10.216244  1999896582           0          77           1 -2013977798          17       99567          -1          -1           0           0           0           0           0
p 059           1 0 -2062614282       99574          26           0    1.000000    0.000000    0.000000    0.382689    0.923877  135.765366  225.226654    0.100004  1999896582           0          77           1 -2013977798          17       99574          -1          -1           0           0           0           0           0
p 059           1 0 -2062548692       99567           8           0    0.250000   -0.302637   -0.031461    0.947481   -0.098497  149.579163  225.991104   15.709348  1999896582           0          77           1 -2013977798          17       99567          -1          -1           0           0           0           0           0
p 059           1 0 -2068184921      176987           0           0    0.832881    0.000000    0.000000    0.000000    1.000000  152.959259  141.302582   44.309212  1999896582           0          77           1 -2013977798          -1          -1           1      176987           0           0           1           1           0
p 059           1 0 -2068512591      176987           0           0    1.000000    0.000000    0.000000    0.000000    1.000000  138.288574  120.824165   31.803097  1999896582           0          77   981663744           0          -1          -1           1      176987           0           0           1           1           0
p 059           1 0 -2062483227       99574          26           0    1.000000    0.000000    0.000000    0.411376    0.911466  137.570190  225.502213    0.123746  1999896582           0          77   981663744           0          17       99574          -1          -1           0           0           0           0           0
p 059           1 0 -2062417674       99567           8           0    0.250000   -0.408620    0.006359    0.912572    0.014201  149.492233  226.976151   15.709348  1999896582           0          77   981663744           0          17       99567          -1          -1           0           0           0           0           0
p 059           1 0 -2062352168       99574          26           0    1.000000    0.000000    0.000000    0.015556   -0.999879  141.543900  227.223587    1.602026  1999896582           0          77           1 -2013977798          17       99574          -1          -1           0           0           0           0           0
p 059           1 0 -2062024475       99567           8           0    0.250000   -0.392548    0.016837    0.918733    0.039405  149.505493  227.202881   15.709347  1999896582           0          77           1 -2013977798          17       99567          -1          -1           0           0           0           0           0
p 059           1 0 -2062286548        3799           8           0    1.600000    0.000000    0.000000    0.000000    1.000000  141.543900  227.223587    1.392441  1999896582           0          77           1 -2013977798           2  1612257704          -1          -1           3           0           0           0           0
p 059           1 0 -2062089992        4267           8           0    1.700000    0.000000    0.000000    0.000000    1.000000  139.560776  233.644379    0.500000  1999896582           0          27  1076712789           0           2 -1962741247          -1          -1           1           0           0           0           0
p 059           1 0 -2062221088      209200           8           0    1.000000    0.000000    0.000000    0.000000    1.000000  138.201004  227.441681    0.200004  1999896582           0         277           1           0           2   126259832          -1          -1           1           0           0           0           0
p 059           1 0 -2062155527      209200           8           0    1.000000    0.000000    0.000000    0.000000    1.000000  144.812805  227.956192    2.100131  1999896582           0         277           1           0           2   126259832          -1          -1           1           0           0           0           0
p 059           1 0 -2061958980       99572          26           0    1.000000   -0.392548    0.016837    0.918733    0.039405  134.870483  228.460602    0.353669  1999896582           0         277           1           0          17       99572          -1          -1           0           0           0           0           0
p 059           1 0 -2061893408        6435           8           0    1.000000   -0.289793    0.091325    0.908669    0.286358  139.090546  228.633896    7.938810  1999896582          -1          -1          -1          -1          17        6435          -1          -1           0           0           0           0           0
p 059           1 0 -2061827908        6434          10           0    1.000000    0.000000    0.000000    0.000000    1.000000  133.936432  232.240631    2.844009  1999896582          -1          -1          -1          -1          17        6434          -1          -1           0           0           0           0           0
p 059           1 0 -2061762336      180941          24           0    1.000000    0.000000    0.000000    0.000000    1.000000  115.909256  189.340363    0.000008  1999896582          -1          -1          -1          -1          -1          -1           1      180941           0           0           1           1           0
p 059           1 0 -2061696857      103772          24           0    1.000000    0.000000    0.000000    0.000000    1.000000  113.491493  188.297089    0.000000  1999896582          -1          77   981663744           0          -1          -1           1      103772           0           0           1           1           0
p 059           1 0 -2068643658        6019           0           0    1.000000    0.000000    0.000000    0.965926   -0.258819  181.109406  102.117287    0.247456  1999896582           0         560           1   259168006          -1          -1           1        6019           0           0           1           1           0
p 059           1 0 -2067529553        5773           0           0    1.000000    0.000000    0.000000    0.187306    0.982302  106.673065  296.723145    0.092621  1999896582           0          -1           1   259168006          -1          -1           1        5773           0           0           1           1           0
p 059           1 0 -2067201803        5730           0           0    1.000000    0.000000    0.000000    0.000000    1.000000   72.304443  297.183441   -0.295532  1999896582           0          77   981663744           0          -1          -1           1        5730           0           0           1           1           0
p 059           1 0 -2067136265        6019           0           0    1.000000    0.000000    0.000000    0.965926   -0.258819  111.292480  300.023590    0.247463  1999896582           0          77   981663744           0          -1          -1           1        6019           0           0           1           1           0
p 059           1 0 -2068643658        6019           0           0    1.000000    0.000000    0.000000    0.965926   -0.258819  181.109406  102.117287    0.247456  1999896582           0          77   981663744           0          -1          -1           1        6019           0           0           1           1           0
p 059           1 0 -2068709192        5773           0           0    1.000000    0.000000    0.000000    0.608761    0.793353  179.907394   90.773087    0.092621  1999896582           0          77   981663744           0          -1          -1           1        5773           0           0           1           1           0
p 059           1 0 -2068709192        5773           0           0    1.000000    0.000000    0.000000    0.608761    0.793353  179.907394   90.773087    0.092621  1999896582           0          -1           1   259168006          -1          -1           1        5773           0           0           1           1           0
p 059           1 0 -2068643658        6019           0           0    1.000000    0.000000    0.000000    0.965926   -0.258819  181.109406  102.117287    0.247456  1999896582           0          77           1   259168006          -1          -1           1        6019           0           0           1           1           0
p 059           1 0 -2061631240      188743          24           0    0.617654    0.000000    0.000000    0.000000    1.000000   71.092522  157.809891    5.049315  1999896582          -1          -1           1      102386          -1          -1           1      188743           0           0           1           1           0
p 059           1 0 -2069364516        5502           0           0    1.000000    0.000000    0.000000    0.018783    0.999824   19.821213  229.494980  -24.611557  1999896582           0          81           0           0          -1          -1           1        5502           0           0           1           1           0
p 059           1 0 -2067464036         357           0           0    1.000000    0.000000    0.000000    0.000000    1.000000   35.687233  249.984497  -25.007759  1999896582           0          77           1   259168006          -1          -1           1         357           0           0           1           1           0
p 059           1 0 -2067332890        5854           0           0    1.009230    0.000000    0.000000    0.926279    0.376838   36.544167  254.808365  -25.007759  1999896582           0          77   981663744           0          -1          -1           1        5854           0           0           1           1           0
p 059           1 0 -2064187141        5740           0           0    1.000000    0.000000    0.000000    0.629358    0.777116   13.154327  245.328644  -24.822552  1999896582           0          77   981663744           0          -1          -1           1        5740           0           0           1           1           0
