v 1
# ENTER WORLD  1999962119 (sno:      136441) at  178.750000   63.750000    0.099990
s  178.750000   63.750000    0.099990
p 055  1999962119      136441
p 051  178.750000   63.750000    0.099990  1999962119      136441
p 052  1999962119           0           0           0       83110          -1          -1          -1          -1          -1          -1          -1          -1          -1      151898          -1      166028       87018       80697      136441           0           0           0          -1          63         108         108  135.000000  135.000000   21.615002  135.000000  135.000000   26.089958  135.000000  135.000000   21.615004  135.000000  135.000000   26.089960        1209           0           0           0           1  2023031105      136312    0.000000    0.000000    0.000000    1.000000    0.000000    0.000000    0.000000          -1          -1
p 068  2023031105      136312    0.000000    0.000000    0.000000    1.000000    0.000000    0.000000    0.000000  1999962119           0
p 059           1 0 -2037841771       54972           8           0    1.054093    0.000000    0.000000    0.707107    0.707107  128.873764  108.852974    0.360147  1999962119          -1      166028       87018       80697          -1          -1           1       54972           0           0           1           1           0
p 059           1 0 -2037776147       54962           8           0    1.000000    0.000000    0.000000    0.372045    0.928215  123.690681  112.184265   -0.209862  1999962119          -1          77   981663744           0          -1          -1           1       54962           0           0           1           1           0
p 059           1 0 -2037710691       80233           8           0    1.000000    0.000000    0.000000   -0.707107    0.707107  160.936157  100.665405    0.000002  1999962119          -1          77   981663744           0          -1          -1           1       80233           0           0           1           1           0
p 059           1 0 -2037514022       80237           8           0    0.800000    0.000000    0.000000    0.987477    0.157766  164.200806  101.245850    0.000000  1999962119          -1          77   981663744           0          -1          -1           1       80237           0           0           1           1           0
p 059           1 0 -2037317403       53853           8           0    1.000000    0.000000   -0.000000    0.748400    0.663248  139.708099  116.397263   -0.146683  1999962119          -1          77   981663744           0          -1          -1           1       53853           0           0           1           1           0
p 059           1 0 -2037186325        5503           8           0    1.000000    0.000078    0.000078    0.707107    0.707107  177.150467   61.327606    0.213623  1999962119          -1          77   981663744           0          -1          -1           1        5503           0           0           1           1           0
p 059           1 0 -2036924162      204608           8           0    1.130000    0.000000    0.000000    0.000000    1.000000  139.468765  125.815018    0.202621  1999962119          -1          77   981663744           0          -1          -1           1      204608           0           0           1           1           0
p 059           1 0 -2036793317        4675          24           0    1.000000    0.000000    0.000000    0.000000    1.000000  176.898315   61.397118    0.380282  1999962119      129386         560           1           0          -1          -1           1        4675           0           0           1           1           0
p 059           1 0 -2036727789       65036          24           0    1.130000    0.000000    0.000000    0.357186    0.934033  170.004532   62.051075    0.059624  1999962119      129386          67           0           0          -1          -1           1       65036           0           0           1           1           0
p 059           1 0 -2036530988        5991          24           0    1.000000    0.000000    0.000000   -0.692687    0.721238  172.682571  101.983322    0.793555  1999962119      129386          77  1086144512           0          -1          -1           1        5991           0           0           1           1           0
p 059           1 0 -2036137823        3795          24           0    1.000000    0.000000    0.000000    0.000000    1.000000  176.472534   64.742775    0.059616  1999962119      129386          77   981663744           0          -1          -1           1        3795           0           0           1           1           0
p 059           1 0 -2036006832      204605           8           0    1.130000    0.000000    0.000000    0.000000    1.000000  124.695099  124.295700    0.000000  1999962119      129386          77   981663744           0          -1          -1           1      204605           0           0           1           1           0
p 059           1 0 -2036596725      157541           0           0    1.000000    0.000000    0.000000    0.000000    1.000000  158.302643  149.843414    0.000008  1999962119           0          -1           1  1534746990          -1          -1           1      157541           0           0           1           1           0
p 059           1 0 -2035417060       87172          16           0    1.000000    0.000000    0.000000    0.967476   -0.252963  147.811569  139.110031    0.000004  1999962119           0          77   981663744           0          -1          -1           1       87172           0           0           1           1           0
p 059           1 0 -2036858851      204607           0           0    1.130000    0.000000    0.000000    0.131846    0.991270  109.446907  131.653275   -0.000008  1999962119           0          77   981663744           0          -1          -1           1      204607           0           0           1           1           0
p 059           1 0 -2035285961       87172          16           0    1.000000    0.000000    0.000000    0.463884    0.885896   57.043957  117.342285    0.080753  1999962119      129386         560           1           0          -1          -1           1       87172           0           0           1           1           0
p 059           1 0 -2035679176      204615           0           0    1.130000    0.000000    0.000000    0.000000    1.000000   63.407452  127.054848    0.148026  1999962119           0          77   981663744           0          -1          -1           1      204615           0           0           1           1           0
p 059           1 0 -2035875756      204608           0           0    1.130000    0.000000    0.000000    0.000000    1.000000  114.072250  143.422974    0.190453  1999962119      129386         560           1           0          -1          -1           1      204608           0           0           1           1           0
p 059           1 0 -2036203358        4675          16           0    1.000000    0.000000    0.000000    0.000000    1.000000   54.457809  120.941978    0.080429  1999962119      129386         560           1           0          -1          -1           1        4675           0           0           1           1           0
p 059           1 0 -2036072176        5991          16           0    1.000000    0.000000    0.000000    0.000000    1.000000  152.859375  148.462234    0.000000  1999962119      129386          67           0           0          -1          -1           1        5991           0           0           1           1           0
p 059           1 0 -2037251864      103772          16           0    1.000000    0.000000    0.000000    0.000000    1.000000  126.236755  146.806778    0.000000  1999962119           0          77   981663744           0          -1          -1           1      103772           0           0           1           1           0
p 059           1 0 -2037055239      174023           0           0    1.130000    0.000000    0.000000    0.000000    1.000000  129.749039  148.337265    0.000000  1999962119       62731         560           1           1          -1          -1           1      174023           0           0           1           1           0
p 059           1 0 -2036400007      204615           0           0    1.130000    0.000000    0.000000    0.000000    1.000000   68.709869  137.063965    0.178520  1999962119           0         560           1  1534746990          -1          -1           1      204615           0           0           1           1           0
p 059           1 0 -2036662254        4675          16           0    1.000000    0.000000    0.000000    0.000000    1.000000   62.995804  143.836090    0.000008  1999962119           0         560           1           0          -1          -1           1        4675           0           0           1           1           0
p 059           1 0 -2035482589       87172          16           0    1.000000    0.000000    0.000000    0.994635    0.103448  146.426620  170.446426    0.000000  1999962119           0          67           0           0          -1          -1           1       87172           0           0           1           1           0
p 059           1 0 -2035744732      204606           0           0    1.130000    0.000000    0.000000    0.000000    1.000000   80.420746  145.465851    0.047462  1999962119           0          77   981663744           0          -1          -1           1      204606           0           0           1           1           0
p 059           1 0 -2035679176      204615           0           0    1.130000    0.000000    0.000000    0.000000    1.000000   63.407452  127.054848    0.148026  1999962119      129386         560           1           0          -1          -1           1      204615           0           0           1           1           0
p 059           1 0 -2035613639      204616           0           0    1.130000    0.000000    0.000000    0.000000    1.000000   69.480850  148.545822    0.000000  1999962119      129386         560           1           0          -1          -1           1      204616           0           0           1           1           0
p 059           1 0 -2035548081       87172          16           0    1.000000    0.000000    0.000000   -0.513361    0.858173  110.549919  153.568176    0.243584  1999962119      129386         560           1           0          -1          -1           1       87172           0           0           1           1           0
p 059           1 0 -2035941293      174023           0           0    1.130000    0.000000    0.000000    0.000000    1.000000  134.587830  165.372040    0.368439  1999962119      129386          77   981663744           0          -1          -1           1      174023           0           0           1           1           0
p 059           1 0 -2035810214      204607           0           0    1.130000    0.000000    0.000000    0.000000    1.000000  106.885605  156.921005    0.000000  1999962119      129386         560           1           0          -1          -1           1      204607           0           0           1           1           0
p 059           1 0 -2036465514      204606           0           0    1.130000    0.000000    0.000000    0.000000    1.000000   89.785080  145.870636    0.046684  1999962119      129386         560           1           0          -1          -1           1      204606           0           0           1           1           0
p 059           1 0 -2036268891        5991          16           0    1.000000    0.000000    0.000000    0.000000    1.000000  110.592155  147.908905    0.087029  1999962119      129386         560           1           0          -1          -1           1        5991           0           0           1           1           0
p 059           1 0 -2037645099       80231           0           0    1.000000    0.000000    0.000000    0.000000    1.000000  166.389923  181.299103    0.000004  1999962119           0          77   981663744           0          -1          -1           1       80231           0           0           1           1           0
p 059           1 0 -2037579560       80235           0           0    0.800000    0.000000    0.000000    0.531081    0.847321  165.429749  177.350677    0.000000  1999962119           0          77   981663744           0          -1          -1           1       80235           0           0           1           1           0
p 059           1 0 -2035351529       87172          16           0    1.000000    0.000000    0.000000   -0.417618    0.908623   45.881905  154.554626   -0.000004  1999962119           0          77   981663744           0          -1          -1           1       87172           0           0           1           1           0
p 059           1 0 -2036334422      204616           0           0    1.130000    0.000000    0.000000    0.000000    1.000000   61.762604  156.087631    0.086510  1999962119           0          77   981663744           0          -1          -1           1      204616           0           0           1           1           0
p 059           1 0 -2037448483       80231           0           0    1.000000    0.000000   -0.000000    0.716288    0.697804  104.111313  170.018326   -0.246552  1999962119      129386         560           1           0          -1          -1           1       80231           0           0           1           1           0
p 059           1 0 -2037382946       80235           0           0    0.800000    0.000000    0.000000    0.977517    0.210857  106.993225  169.466583    0.000000  1999962119      129386          77   981663744           0          -1          -1           1       80235           0           0           1           1           0
p 059           1 0 -2036989700      204605           0           0    1.130000    0.000000    0.000000    0.000000    1.000000  117.711861  171.663467    0.000000  1999962119      129386          77   981663744           0          -1          -1           1      204605           0           0           1           1           0
p 059           1 0 -2037120778       98888           0           0    1.400000    0.000000    0.000000    0.160960    0.986961   54.557755  143.649048    0.085583  1999962119           0         560           1  1836256701          -1          -1           1       98888           0           0           1           1           0
p 059           1 0 -2035220268        6435           8           0    1.000000   -0.286818    0.123356    0.872718    0.375343  160.302643  147.732635    6.142748  1999962119           0         341           1  1836256701          17        6435          -1          -1           0           0           0           0           0
p 059           1 0 -2035154669        6434          10           0    1.000000    0.000000    0.000000    0.000000    1.000000  159.302643  148.788025    6.142748  1999962119           0         341           1  1836256701          17        6434          -1          -1           0           0           0           0           0
p 059           1 0 -2035089133        6646           8           0    1.350000    0.000000    0.000000    0.000000    1.000000  129.749039  148.337265    0.000000  1999962119           0         341           1  1836256701          -1        6646           1        6646           0           0           0           0           0
p 059           1 0 -2035023623        6646           8           0    1.350000    0.000000    0.000000    0.000000    1.000000  134.587830  165.372040    0.368439  1999962119           0          77  1096196096           0          -1        6646           1        6646           0           0           0           0           0
p 059           1 0 -2034958064        6646           8           0    1.350000    0.000000    0.000000    0.000000    1.000000  139.468765  125.815018    0.202621  1999962119           0          77  1096613888           0          -1        6646           1        6646           0           0           0           0           0
p 059           1 0 -2034892546       99567           8           0    0.250000   -0.018339    0.033164    0.483576    0.874482  129.049103  147.222168    5.300004  1999962119           0          77  1096523776           0          17       99567          -1          -1           0           0           0           0           0
p 059           1 0 -2034827181       99574          26           0    1.000000    0.000000    0.000000    0.108717   -0.994073  129.749039  148.337265    0.000000  1999962119           0          77  1096523776           0          17       99574          -1          -1           0           0           0           0           0
p 059           1 0 -2034761474        6646           8           0    1.350000    0.000000    0.000000    0.000000    1.000000  117.711861  171.663467    0.000000  1999962119           0          77  1096523776           0          -1        6646           1        6646           0           0           0           0           0
p 059           1 0 -2034695940        6646           8           0    1.350000    0.000000    0.000000    0.131846    0.991270  109.446907  131.653275   -0.000008  1999962119           0          77  1093623808           0          -1        6646           1        6646           0           0           0           0           0
p 059           1 0 -2034630627        6646           8           0    1.350000    0.000000    0.000000    0.000000    1.000000  114.072250  143.422974    0.190453  1999962119           0          77           1  1836256701          -1        6646           1        6646           0           0           0           0           0
p 059           1 0 -2034564908        6646           8           0    1.350000    0.000000    0.000000    0.000000    1.000000  124.695099  124.295700    0.000000  1999962119           0          77  1094746112           0          -1        6646           1        6646           0           0           0           0           0
p 059           1 0 -2034499501        4402          26           0    1.000000    0.000000    0.000000    0.787724   -0.616028  123.131058  142.943726    0.100004  1999962119          -1          -1  1094033408       65036          17        4402          -1          -1           0           0           0           0           0
p 059           1 0 -2034434037      209200           8           0    1.000000    0.000000    0.000000    0.000000    1.000000  129.749039  148.337265    0.200004  1999962119           0          -1  1094033408       65036           2   126259832          -1          -1           1           0           0           0           0
p 059           1 0 -2034368432        4267           8           0    1.700000    0.000000    0.000000    0.000000    1.000000  125.480972  153.038971    0.500004  1999962119           0          -1  1094033408       65036           2 -1962741247          -1          -1           1           0           0           0           0
p 059           1 0 -2034302701        6646           8           0    1.350000    0.000000    0.000000    0.000000    1.000000  106.885605  156.921005    0.000000  1999962119           0         277           1       65036          -1        6646           1        6646           0           0           0           0           0
p 059           1 0 -2034237350       99567           8           0    0.250000   -0.002615    0.008054    0.308775    0.951097  126.497765  145.387268    5.300004  1999962119           0          77           1  1836256701          17       99567          -1          -1           0           0           0           0           0
p 059           1 0 -2034171821       99572          26           0    1.000000   -0.002615    0.008054    0.308775    0.951097  154.819275  165.943069    4.707277  1999962119           0          77           1  1836256701          17       99572          -1          -1           0           0           0           0           0
p 059           1 0 -2034106278       99567           8           0    0.250000    0.000000    0.000000   -0.284228    0.958757  126.618958  140.676544    5.300004  1999962119           0          77           1  1836256701          17       99567          -1          -1           0           0           0           0           0
p 059           1 0 -2034040748       99574          26           0    1.000000    0.000000    0.000000    0.916038    0.401092  135.230576  135.078659    0.100003  1999962119           0          77           1  1836256701          17       99574          -1          -1           0           0           0           0           0
p 059           1 0 -2033975213       99567           8           0    0.250000   -0.000000   -0.000000   -0.865125    0.501557  116.721153  145.716034    5.300001  1999962119           0          77           1  1836256701          17       99567          -1          -1           0           0           0           0           0
p 059           1 0 -2033909595       99574          26           0    1.000000    0.000000    0.000000    0.028352   -0.999598  115.366165  143.349503    0.100004  1999962119           0          77           1  1836256701          17       99574          -1          -1           0           0           0           0           0
p 059           1 0 -2033844140        6646           8           0    1.350000    0.000000    0.000000    0.000000    1.000000   89.785080  145.870636    0.046684  1999962119           0           2           1        6526          -1        6646           1        6646           0           0           0           0           0
p 059           1 0 -2033778653       99567           8           0    0.250000   -0.000000   -0.000000   -0.802364    0.596835  112.838158  135.262787    5.300003  1999962119           0          77  1093648384           0          17       99567          -1          -1           0           0           0           0           0
p 059           1 0 -2033712987       99574          26           0    1.000000    0.000000    0.000000    0.383145    0.923688  111.707458  131.497055    0.100004  1999962119           0          77  1093648384           0          17       99574          -1          -1           0           0           0           0           0
p 059           1 0 -2033647581        6646           8           0    1.350000    0.000000    0.000000    0.000000    1.000000   80.420746  145.465851    0.047462  1999962119           0          77  1093648384           0          -1        6646           1        6646           0           0           0           0           0
p 059           1 0 -2033581930        6646           8           0    1.350000    0.000000    0.000000    0.000000    1.000000   68.709869  137.063965    0.178520  1999962119           0          77  1095876608           0          -1        6646           1        6646           0           0           0           0           0
p 059           1 0 -2033516465       99567           8           0    0.250000   -0.000000   -0.000000   -0.440815    0.897598  116.577805  135.955063    5.300002  1999962119           0          77           1  1836256701          17       99567          -1          -1           0           0           0           0           0
p 059           1 0 -2033450756       99574          26           0    1.000000    0.000000    0.000000    0.828636    0.559787  123.727600  126.700363    0.100004  1999962119           0          77           1  1836256701          17       99574          -1          -1           0           0           0           0           0
p 059           1 0 -2033254188        6646           8           0    1.350000    0.000000    0.000000    0.000000    1.000000   61.762604  156.087631    0.086510  1999962119           0          77           1  1836256701          -1        6646           1        6646           0           0           0           0           0
p 059           1 0 -2033188785        6646           8           0    1.350000    0.000000    0.000000    0.000000    1.000000   63.407452  127.054848    0.148026  1999962119           0          77  1096777728           0          -1        6646           1        6646           0           0           0           0           0
p 059           1 0 -2033385351      209200           8           0    1.000000    0.000000    0.000000    0.000000    1.000000  123.727600  126.700363    0.200004  1999962119           0          77  1096802304           0           2   126259832          -1          -1           1           0           0           0           0
p 059           1 0 -2033319900        4267           8           0    1.700000    0.000000    0.000000    0.000000    1.000000  129.277466  123.614670    0.500004  1999962119           0          77  1096802304           0           2 -1962741247          -1          -1           1           0           0           0           0
p 059           1 0 -2033123163       99567           8           0    0.250000    0.000000    0.000000    0.958216    0.286046  116.115799  145.506012    5.300004  1999962119           0         277           1           0          17       99567          -1          -1           0           0           0           0           0
p 059           1 0 -2033057736       99574          26           0    1.000000    0.000000    0.000000    0.682089   -0.731269  113.477859  147.235046    0.100004  1999962119           0         277           1           0          17       99574          -1          -1           0           0           0           0           0
p 059           1 0 -2036137823        3795          16           0    1.000000    0.000000    0.000000    0.000000    1.000000  176.472534   64.742775    0.059616  1999962119           0         277           1           0          -1          -1           1        3795           0           0           1           1           0
p 059           1 0 -2037645099       80231           0           0    1.000000    0.000000    0.000000    0.000000    1.000000  166.389923  181.299103    0.000004  1999962119           0          77   981663744           0          -1          -1           1       80231           0           0           1           1           0
p 059           1 0 -2037579560       80235           0           0    0.800000    0.000000    0.000000    0.531081    0.847321  165.429749  177.350677    0.000000  1999962119           0          77   981663744           0          -1          -1           1       80235           0           0           1           1           0
p 059           1 0 -2037186325        5503           0           0    1.000000    0.000078    0.000078    0.707107    0.707107  177.150467   61.327606    0.213623  1999962119           0          77   981663744           0          -1          -1           1        5503           0           0           1           1           0
p 059           1 0 -2032992091        6646           8           0    1.350000    0.000000    0.000000    0.000000    1.000000   69.480850  148.545822    0.000000  1999962119           0          77   981663744           0          -1        6646           1        6646           0           0           0           0           0
p 059           1 0 -2032926468        6435           8           0    1.000000   -0.045133    0.097747    0.416767    0.902615  122.120247  146.094620    6.142748  1999962119           0          77           1  1836256701          17        6435          -1          -1           0           0           0           0           0
p 059           1 0 -2032861127        6434          10           0    1.000000    0.000000    0.000000    0.000000    1.000000  128.278564  153.322617    4.023405  1999962119           0          77           1  1836256701          17        6434          -1          -1           0           0           0           0           0
p 059           1 0 -2032795592       99567           8           0    0.250000    0.000000    0.000000    0.958216    0.286046  116.115799  145.506012    5.300004  1999962119           0          77           1  1836256701          17       99567          -1          -1           0           0           0           0           0
p 059           1 0 -2032729860       99574          26           0    1.000000    0.000000    0.000000    0.286034   -0.958220  113.477859  147.235046    0.100004  1999962119           0          77           1  1836256701          17       99574          -1          -1           0           0           0           0           0
p 059           1 0 -2032664406      209200           8           0    1.000000    0.000000    0.000000    0.000000    1.000000  113.477859  147.235046    0.200004  1999962119           0          77           1  1836256701           2   126259832          -1          -1           1           0           0           0           0
p 059           1 0 -2032598983       99567           8           0    0.250000    0.000000    0.000000    0.988071    0.154000  115.632431  144.491699    5.300004  1999962119           0          77           1  1836256701          17       99567          -1          -1           0           0           0           0           0
p 059           1 0 -2032533229       99574          26           0    1.000000    0.000000    0.000000    0.154007   -0.988070  112.074585  145.628357    0.100004  1999962119           0          77           1  1836256701          17       99574          -1          -1           0           0           0           0           0
p 059           1 0 -2036793317        4675          16           0    1.000000    0.000000    0.000000    0.000000    1.000000  176.898315   61.397118    0.380282  1999962119           0          77           1  1836256701          -1          -1           1        4675           0           0           1           1           0
p 059           1 0 -2032467847       99567           8           0    0.250000    0.000000   -0.000000    0.895796    0.444465  118.273811  137.467606    5.300000  1999962119           0          67           1  1836256701          17       99567          -1          -1           0           0           0           0           0
p 059           1 0 -2032402421       99574          26           0    1.000000    0.000000    0.000000    0.444463   -0.895797  112.074585  145.628357    0.100004  1999962119           0          67           1  1836256701          17       99574          -1          -1           0           0           0           0           0
p 059           1 0 -2036793317        4675          16           0    1.000000    0.000000    0.000000    0.000000    1.000000  176.898315   61.397118    0.380282  1999962119           0          67           1  1836256701          -1          -1           1        4675           0           0           1           1           0
p 059           1 0 -2037186325        5503           0           0    1.000000    0.000078    0.000078    0.707107    0.707107  177.150467   61.327606    0.213623  1999962119           0          67           0  1836256701          -1          -1           1        5503           0           0           1           1           0
p 059           1 0 -2032336816        4267           8           0    1.700000    0.000000    0.000000    0.000000    1.000000  109.300705  142.452377    0.500004  1999962119           0          77   981663744           0           2 -1962741247          -1          -1           1           0           0           0           0
p 059           1 0 -2032271349       99567           8           0    0.250000    0.000000    0.000000    0.984390   -0.175998  100.480423  140.920059    5.300003  1999962119           0         277           1  1836256701          17       99567          -1          -1           0           0           0           0           0
p 059           1 0 -2032205744       99574          26           0    1.000000    0.000000    0.000000    0.171474    0.985189   97.581673  139.849304    0.100004  1999962119           0         277           1  1836256701          17       99574          -1          -1           0           0           0           0           0
p 059           1 0 -2032140118        4267           8           0    1.700000    0.000000    0.000000    0.000000    1.000000   97.581673  139.849304    0.500004  1999962119           0         277           1  1836256701           2 -1962741247          -1          -1           1           0           0           0           0
p 059           1 0 -2032074668       99567           8           0    0.250000    0.000000    0.000000    0.978842    0.204619   92.110252  148.804810    5.300004  1999962119           0         277           1  1836256701          17       99567          -1          -1           0           0           0           0           0
p 059           1 0 -2032009205       99574          26           0    1.000000    0.000000    0.000000    0.212012   -0.977267   84.906166  151.954346    0.100004  1999962119           0         277           1  1836256701          17       99574          -1          -1           0           0           0           0           0
p 059           1 0 -2031943600        6435           8           0    1.000000   -0.119247    0.024597    0.972095    0.200515   92.437660  148.709213    6.142748  1999962119           0         277           1  1836256701          17        6435          -1          -1           0           0           0           0           0
p 059           1 0 -2031812354        6434          10           0    1.000000    0.000000    0.000000    0.000000    1.000000   84.750862  152.021271    4.015759  1999962119           0         277           1  1836256701          17        6434          -1          -1           0           0           0           0           0
p 059           1 0 -2031878060        3350           8           0    1.700000    0.000000    0.000000    0.000000    1.000000   84.906166  151.954346    0.500000  1999962119           0         277           1  1836256701           2  -733831369          -1          -1           0           0           0           0           0
p 059           1 0 -2031746818        4402          26           0    1.000000    0.000000    0.000000    0.955206   -0.295941   71.217834  142.470291    0.100004  1999962119           0          29           1  1836256701          17        4402          -1          -1           0           0           0           0           0
p 059           1 0 -2037710691       80233           0           0    1.000000    0.000000    0.000000   -0.707107    0.707107  160.936157  100.665405    0.000002  1999962119           0          -1           1  1836256701          -1          -1           1       80233           0           0           1           1           0
p 059           1 0 -2031681366       99567           8           0    0.250000    0.000000    0.000000   -0.827494    0.561474   71.045624  139.800110    5.300004  1999962119           0          77   981663744           0          17       99567          -1          -1           0           0           0           0           0
p 059           1 0 -2031615746       99574          26           0    1.000000    0.000000    0.000000    0.486673    0.873584   69.616905  136.207047    0.100001  1999962119           0          77   981663744           0          17       99574          -1          -1           0           0           0           0           0
p 059           1 0 -2031550314       99567           8           0    0.250000   -0.000000   -0.000000   -0.766921    0.641742   65.737686  134.546295    5.300002  1999962119           0          77           1  1836256701          17       99567          -1          -1           0           0           0           0           0
p 059           1 0 -2031484758       99574          26           0    1.000000    0.000000    0.000000    0.630606    0.776103   65.128769  131.147202    0.100002  1999962119           0          77           1  1836256701          17       99574          -1          -1           0           0           0           0           0
p 059           1 0 -2031419381      209200           8           0    1.000000    0.000000    0.000000    0.000000    1.000000   65.128769  131.147202    0.500004  1999962119           0          77           1  1836256701           2   126259832          -1          -1           1           0           0           0           0
p 059           1 0 -2031353821        4267           8           0    1.700000    0.000000    0.000000    0.000000    1.000000   61.111507  136.064941    0.500000  1999962119           0          77           1  1836256701           2 -1962741247          -1          -1           1           0           0           0           0
p 059           1 0 -2031288066       99567           8           0    0.250000    0.000000   -0.000000    0.574167    0.818738   67.888382  142.552277    5.300002  1999962119           0         277           1  1836256701          17       99567          -1          -1           0           0           0           0           0
p 059           1 0 -2031222705       99574          26           0    1.000000    0.000000    0.000000    0.818743   -0.574160   70.048019  148.512589    0.100002  1999962119           0         277           1  1836256701          17       99574          -1          -1           0           0           0           0           0
p 059           1 0 -2031157098        4267           8           0    1.700000    0.000000    0.000000    0.000000    1.000000   70.048019  148.512589    0.500004  1999962119           0         277           1  1836256701           2 -1962741247          -1          -1           1           0           0           0           0
p 059           1 0 -2031091542       99567           8           0    0.250000    0.000000   -0.000000    0.739679    0.672959   66.079147  142.782623    5.300002  1999962119           0         277           1  1836256701          17       99567          -1          -1           0           0           0           0           0
p 059           1 0 -2031026011       99574          26           0    1.000000    0.000000    0.000000    0.863237   -0.504799   65.645027  147.368103    0.100004  1999962119          -1          -1           1       65036          17       99574          -1          -1           0           0           0           0           0
p 059           1 0 -2030960386      209200           8           0    1.000000    0.000000    0.000000    0.000000    1.000000   65.645027  147.368103    0.200004  1999962119          -1          -1           1       65036           2   126259832          -1          -1           1           0           0           0           0
p 059           1 0 -2030895025       99567           8           0    0.250000   -0.004496    0.005724    0.617719    0.786365   67.456245  142.682816    5.300001  1999962119          -1          -1           1       65036          17       99567          -1          -1           0           0           0           0           0
p 059           1 0 -2030829533       99572          26           0    1.000000   -0.004496    0.005724    0.617719    0.786365   77.223434  182.755295    4.699553  1999962119           0          -1           1 -2013977798          17       99572          -1          -1           0           0           0           0           0
p 059           1 0 -2037317403       53853           0           0    1.000000    0.000000   -0.000000    0.748400    0.663248  139.708099  116.397263   -0.146683  1999962119           0          -1           1 -2013977798          -1          -1           1       53853           0           0           1           1           0
p 059           1 0 -2033319900        4267           0           0    1.700000    0.000000    0.000000    0.000000    1.000000  129.277466  123.614670    0.500004  1999962119           0          77           1 -2013977798           2 -1962741247          -1          -1           1           0           0           0           0
p 059           1 0 -2037841771       54972           0           0    1.054093    0.000000    0.000000    0.707107    0.707107  128.873764  108.852974    0.360147  1999962119           0         277           1 -2013977798          -1          -1           1       54972           0           0           1           1           0
p 059           1 0 -2037382946       80235           0           0    0.800000    0.000000    0.000000    0.977517    0.210857  106.993225  169.466583    0.000000  1999962119           0          77   981663744           0          -1          -1           1       80235           0           0           1           1           0
p 059           1 0 -2037251864      103772          16           0    1.000000    0.000000    0.000000    0.000000    1.000000  126.236755  146.806778    0.000000  1999962119           0          77   981663744           0          -1          -1           1      103772           0           0           1           1           0
p 059           1 0 -2030764009       85900           8           0    1.320000    0.000000    0.000000    0.160960    0.986961   54.557755  143.649048    0.085583  1999962119           0          -1           1 -2013977798          -1       85900           1       85900           4           0           0           0           0
p 059           1 0 -2030698250        4402          26           0    1.000000    0.000000    0.000000    0.280215   -0.959937   63.023434  145.747314    0.100004  1999962119           0         460           1  1836256701          17        4402          -1          -1           0           0           0           0           0
p 059           1 0 -2037841771       54972           0           0    1.054093    0.000000    0.000000    0.707107    0.707107  128.873764  108.852974    0.360147  1999962119           0         460           1  1836256701          -1          -1           1       54972           0           0           1           1           0
p 059           1 0 -2030632905       99567           8           0    0.250000   -0.001569   -0.000192    0.992629   -0.121181   58.985611  144.746521    5.300003  1999962119           0          77   981663744           0          17       99567          -1          -1           0           0           0           0           0
p 059           1 0 -2030567389       99574          26           0    1.000000    0.000000    0.000000    0.025195    0.999683   54.557755  143.649048    0.085583  1999962119           0          77   981663744           0          17       99574          -1          -1           0           0           0           0           0
p 059           1 0 -2030501642       99567           8           0    0.250000   -0.001569   -0.000192    0.992629   -0.121181   58.985611  144.746521    5.300003  1999962119           0          77   981663744           0          17       99567          -1          -1           0           0           0           0           0
p 059           1 0 -2030436297       99574          26           0    1.000000    0.000000    0.000000    0.025195    0.999683   54.557755  143.649048    0.085583  1999962119           0          77           1  1836256701          17       99574          -1          -1           0           0           0           0           0
p 059           1 0 -2030370781       99567           8           0    0.250000   -0.001569   -0.000192    0.992629   -0.121181   58.985611  144.746521    5.300003  1999962119           0          77           1  1836256701          17       99567          -1          -1           0           0           0           0           0
p 059           1 0 -2030305034       99574          26           0    1.000000    0.000000    0.000000    0.025195    0.999683   54.557755  143.649048    0.085583  1999962119           0          77           1  1836256701          17       99574          -1          -1           0           0           0           0           0
p 059           1 0 -2030239689       99567           8           0    0.250000    0.000000    0.000000    0.992630   -0.121182   58.985611  144.746521    5.300004  1999962119           0          77           1  1836256701          17       99567          -1          -1           0           0           0           0           0
p 059           1 0 -2030174173       99574          26           0    1.000000    0.000000    0.000000    0.121180    0.992631   55.526287  143.889099    0.100004  1999962119           0          77           1  1836256701          17       99574          -1          -1           0           0           0           0           0
p 059           1 0 -2030108426       99567           8           0    0.250000    0.000000    0.000000    0.992630   -0.121182   58.985611  144.746521    5.300004  1999962119           0          77           1  1836256701          17       99567          -1          -1           0           0           0           0           0
p 059           1 0 -2030043081       99574          26           0    1.000000    0.000000    0.000000    0.121180    0.992631   55.526287  143.889099    0.100004  1999962119           0          77           1  1836256701          17       99574          -1          -1           0           0           0           0           0
p 059           1 0 -2029977565       99567           8           0    0.250000    0.000000    0.000000    0.992630   -0.121182   58.985611  144.746521    5.300004  1999962119           0          77           1  1836256701          17       99567          -1          -1           0           0           0           0           0
p 059           1 0 -2029911818       99574          26           0    1.000000    0.000000    0.000000    0.121180    0.992631   55.526287  143.889099    0.100004  1999962119           0          77           1  1836256701          17       99574          -1          -1           0           0           0           0           0
p 059           1 0 -2029846473       99567           8           0    0.250000    0.000000    0.000000    0.992630   -0.121182   58.985611  144.746521    5.300004  1999962119           0          77           1  1836256701          17       99567          -1          -1           0           0           0           0           0
p 059           1 0 -2029780957       99574          26           0    1.000000    0.000000    0.000000    0.121180    0.992631   55.526287  143.889099    0.100004  1999962119           0          77           1  1836256701          17       99574          -1          -1           0           0           0           0           0
p 059           1 0 -2029715210       99567           8           0    0.250000    0.000000    0.000000    0.992630   -0.121182   58.985611  144.746521    5.300004  1999962119           0          77           1  1836256701          17       99567          -1          -1           0           0           0           0           0
p 059           1 0 -2029649865       99574          26           0    1.000000    0.000000    0.000000    0.121180    0.992631   55.526287  143.889099    0.100004  1999962119           0          77           1  1836256701          17       99574          -1          -1           0           0           0           0           0
p 059           1 0 -2029256458      180941          24           0    1.000000    0.000000    0.000000    0.000000    1.000000   87.736649  143.236435   -0.000008  1999962119           0          77           1  1836256701          -1          -1           1      180941           0           0           1           1           0
p 059           1 0 -2029190936      103772          24           0    1.000000    0.000000    0.000000    0.000000    1.000000  133.369690  146.480652    0.000008  1999962119           0          77   981663744           0          -1          -1           1      103772           0           0           1           1           0
p 059           1 0 -2029584234       56323           8           0    1.500000    0.000000    0.000000    0.000000    1.000000   55.526287  143.889099    0.500004  1999962119           0          -1           1  1836256701           2  -875944878          -1          -1           3           0           0           0           0
p 059           1 0 -2029518594        3350           8           0    1.700000    0.000000    0.000000    0.000000    1.000000   56.139244  140.722885    0.500004  1999962119           0          27  1086674261           0           2  -733831369          -1          -1           2           0           0           0           0
p 059           1 0 -2029453233      209200           8           0    1.000000    0.000000    0.000000    0.000000    1.000000   54.913319  147.055313    0.200004  1999962119           0          28  1077936128           0           2   126259832          -1          -1           1           0           0           0           0
p 059           1 0 -2029387765      209200           8           0    1.000000    0.000000    0.000000    0.000000    1.000000   52.667374  140.870316    0.500004  1999962119           0          28  1077936128           0           2   126259832          -1          -1           1           0           0           0           0
p 059           1 0 -2029322075      209200           8           0    1.000000    0.000000    0.000000    0.000000    1.000000   48.681778  145.834503    0.500004  1999962119           0          28  1077936128           0           2   126259832          -1          -1           1           0           0           0           0
p 059           1 0 -2029125596        4267           8           0    1.700000    0.000000    0.000000    0.928546    0.371219  129.277466  123.614670    0.500004  1999962119          -1          -1          -1       65036           2 -1962741247          -1          -1           1           0           0           0           0
p 059           1 0 -2037382946       80235           0           0    0.800000    0.000000    0.000000    0.977517    0.210857  106.993225  169.466583    0.000000  1999962119          -1           2           1        6526          -1          -1           1       80235           0           0           1           1           0
p 059           1 0 -2037776147       54962           0           0    1.000000    0.000000    0.000000    0.372045    0.928215  123.690681  112.184265   -0.209862  1999962119          -1          77   981663744           0          -1          -1           1       54962           0           0           1           1           0
p 059           1 0 -2028928778        4267           8           0    1.700000    0.000000    0.000000    0.998984    0.045068  129.277466  123.614670    0.500004  1999962119           0     6815840           1  1836256701           2 -1962741247          -1          -1           1           0           0           0           0
p 059           1 0 -2037841771       54972           0           0    1.054093    0.000000    0.000000    0.707107    0.707107  128.873764  108.852974    0.360147  1999962119           0         277           1  1836256701          -1          -1           1       54972           0           0           1           1           0
p 059           1 0 -2037317403       53853           0           0    1.000000    0.000000   -0.000000    0.748400    0.663248  139.708099  116.397263   -0.146683  1999962119           0          77   981663744           0          -1          -1           1       53853           0           0           1           1           0
p 059           1 0 -2037710691       80233           0           0    1.000000    0.000000    0.000000   -0.707107    0.707107  160.936157  100.665405    0.000002  1999962119           0          77           1  1836256701          -1          -1           1       80233           0           0           1           1           0
p 059           1 0 -2037514022       80237           0           0    0.800000    0.000000    0.000000    0.987477    0.157766  164.200806  101.245850    0.000000  1999962119           0          77   981663744           0          -1          -1           1       80237           0           0           1           1           0
p 059           1 0 -2036793317        4675          16           0    1.000000    0.000000    0.000000    0.000000    1.000000  176.898315   61.397118    0.380282  1999962119           0          77           1  1836256701          -1          -1           1        4675           0           0           1           1           0
p 059           1 0 -2036137823        3795          16           0    1.000000    0.000000    0.000000    0.000000    1.000000  176.472534   64.742775    0.059616  1999962119           0          67           0  1836256701          -1          -1           1        3795           0           0           1           1           0
p 059           1 0 -2037645099       80231           0           0    1.000000    0.000000    0.000000    0.000000    1.000000  166.389923  181.299103    0.000004  1999962119           0          77   981663744           0          -1          -1           1       80231           0           0           1           1           0
p 059           1 0 -2037579560       80235           0           0    0.800000    0.000000    0.000000    0.531081    0.847321  165.429749  177.350677    0.000000  1999962119           0          77   981663744           0          -1          -1           1       80235           0           0           1           1           0
p 059           1 0 -2028994328      175467          16           0    0.858783    0.000000    0.000000    0.706187    0.708025  176.326691   50.622776    3.315691  1999962119           0          77   981663744           0          -1          -1           1      175467           0           0           1           1           0
p 059           1 0 -2037186325        5503           0           0    1.000000    0.000078    0.000078    0.707107    0.707107  177.150467   61.327606    0.213623  1999962119           0          81           0           0          -1          -1           1        5503           0           0           1           1           0
p 059           0 1 -2028863452      189846          26           1    0.000000    0.000000    0.000000    0.000000    0.000000 2485588.000000    0.000000    0.000000           0  2024210513           0           0           3           2  2064572066          -1          -1           1           0           0           0           0
p 059           0 1 -2028797787      189847          26           1 -65679.843750    0.000000    0.000000    0.000000    0.000000    0.000000    0.000000    0.000000           1  2024210513           0           0           4           2  2064572067          -1          -1           1           0           0           0           0
