v 1
# ENTER WORLD  1999503360 (sno:       71150) at 2232.840576 1797.892456    5.780924
s 2232.840576 1797.892456    5.780924
p 055  1999503360       71150
p 051 2232.840576 1797.892456    5.780924  1999503360       71150
p 052  1999503360           0          37          28       19954       72712          -1          -1          -1           0          -1          -1           0          -1      144267          -1      162553       87030       73997       71150          63          63           0          -1          63          48          48   60.449455   57.997490  -13.446198   80.908333   83.559608   74.262375   60.449455   57.997490  -13.446198   80.908333   83.559608   74.262375           0           0           0           0           1  2006122559       74621    0.000000    0.000000    0.000000    1.000000 2220.000000 1680.000000    0.000000          -1          -1
p 068  2006122559       74621    0.000000    0.000000    0.000000    1.000000 2220.000000 1680.000000    0.000000  1999503360           0
p 052  1999503360           0          32          24       19952       19952          -1          -1          -1           0          -1          -1           0          -1      141670          -1      161928       87030       63337       71150           5           5           0          -1          63          96          96  132.045975  127.479202   20.820496  132.045975  133.037216   38.665337  132.045975  127.479202   20.820496  132.045975  133.037216   38.665337           0           0           0           0           1  2002321413       56593    0.000000    0.000000    0.000000    1.000000 1920.000000 1440.000000    0.000000          -1          -1
p 068  2002321413       56593    0.000000    0.000000    0.000000    1.000000 1920.000000 1440.000000    0.000000  1999503360           0
p 052  1999503360           0          36          24       19952       19954          -1          -1          -1           0          -1          -1           0          -1      141670          -1      161928       87030       63337       71150          23          23           0          -1          63          96          96  117.345795  128.438629   23.552780  138.124054  133.294769   28.552780  117.345795  128.438629   23.552780  138.124054  133.294769   28.552780           0          55           0           0           1  2003501079       62697    0.000000    0.000000    0.000000    1.000000 2160.000000 1440.000000    0.000000          -1          -1
p 068  2003501079       62697    0.000000    0.000000    0.000000    1.000000 2160.000000 1440.000000    0.000000  1999503360           0
p 052  1999503360           0          33          28       19952       72712          -1          -1          -1           0          -1          -1           0          -1      144267          -1      162553       87030       73997       71150          61          61           0          -1          63          48          48   72.203629   54.991928  -12.967300   77.576599   71.060349   66.474083   72.203629   54.991928  -12.967300   77.576599   71.060349   66.474083           0         277           0           0           1  2005991485       74620    0.000000    0.000000    0.000000    1.000000 1980.000000 1680.000000    0.000000          -1          -1
p 068  2005991485       74620    0.000000    0.000000    0.000000    1.000000 1980.000000 1680.000000    0.000000  1999503360           0
p 052  1999503360           0          35          28       19952       72712          -1          -1          -1           0          -1          -1           0          -1      144267          -1      162553       87030       73997       71150          62          62           0          -1          63          48          48   64.575874   54.312141  -19.642555   70.130806   71.229042   59.798820   64.575874   54.312141  -19.642555   70.130806   71.229042   59.798820           0         852           0           0           1  2006057022       74617    0.000000    0.000000    0.000000    1.000000 2100.000000 1680.000000    0.000000          -1          -1
p 068  2006057022       74617    0.000000    0.000000    0.000000    1.000000 2100.000000 1680.000000    0.000000  1999503360           0
p 052  1999503360           0          33          30       72712       19954          -1          -1          -1           0          -1          -1           0          -1      144267          -1      162553       87030       73997       71150          65          65           0          -1          63          48          48   57.481323   60.118912  -16.855282   69.153748   80.234909   62.586102   57.481323   60.118912  -16.855282   69.153748   80.234909   62.586102        1098           0           0           0           1  2006253633       74619    0.000000    0.000000    0.000000    1.000000 1980.000000 1800.000000    0.000000          -1          -1
p 068  2006253633       74619    0.000000    0.000000    0.000000    1.000000 1980.000000 1800.000000    0.000000  1999503360           0
p 052  1999503360           0          35          30       72712          -1          -1          -1          -1           0          -1          -1           0          -1      144267          -1      162553       87030       73997       71150          66          66           0          -1          63          48          48   57.834518   58.156250  -22.494995   75.656708   67.468048   56.946388   57.834518   58.156250  -22.494995   75.656708   67.468048   56.946388        1661           0           0           0           1  2006319170       74616    0.000000    0.000000    0.000000    1.000000 2100.000000 1800.000000    0.000000          -1          -1
p 068  2006319170       74616    0.000000    0.000000    0.000000    1.000000 2100.000000 1800.000000    0.000000  1999503360           0
p 052  1999503360           0          37          30       19954       72712          -1          -1          -1           0          -1          -1           0          -1      144267          -1      162553       87030       73997       71150          67          67           0          -1          63          48          48   60.873184   57.452629  -26.324482   67.530289   67.832832   62.028294   60.873184   57.452629  -26.324482   67.530289   67.832832   62.028294           0         383           0           0           1  2006384707       74614    0.000000    0.000000    0.000000    1.000000 2220.000000 1800.000000    0.000000          -1          -1
p 068  2006384707       74614    0.000000    0.000000    0.000000    1.000000 2220.000000 1800.000000    0.000000  1999503360           0
p 052  1999503360           0          37          32       19954       72712          -1          -1          -1           0          -1          -1           0          -1      144267          -1      162553       87030       73997       71150          71          71           0          -1          63          48          48   52.657936   49.201401  -21.512543   73.116814   70.798630   58.037659   52.657936   49.201401  -21.512543   73.116814   70.798630   58.037659           0          76           0           0           1  2006646855       74613    0.000000    0.000000    0.000000    1.000000 2220.000000 1920.000000    0.000000          -1          -1
p 068  2006646855       74613    0.000000    0.000000    0.000000    1.000000 2220.000000 1920.000000    0.000000  1999503360           0
p 052  1999503360           0          36          20       19952          -1          -1          -1          -1          -1          -1          -1          -1          -1      141670          -1      161928       87030       50551       71150         166         166           0          -1          63          96          96  118.564278  120.635887   41.533752  121.435738  127.766502   44.074402  118.564278  120.635887   41.533752  121.435738  127.766502   44.074402        2233           0           0           0           1  2012872870       33481    0.000000    0.000000    0.000000    1.000000 2160.000000 1200.000000    0.000000          -1          -1
p 068  2012872870       33481    0.000000    0.000000    0.000000    1.000000 2160.000000 1200.000000    0.000000  1999503360           0
p 052  1999503360           0          31          30          -1          -1          -1          -1          -1          -1          -1          -1          -1          -1      132856          -1      160591       87030       50549       71150         171         171           0          -1          63          48          48   67.432678   63.322708   26.742191   77.529572   81.859161   26.836498   67.432678   63.322708   26.742191   77.529572   81.859161   26.836498           0           0           0           0           1  2013200555       74463    0.000000    0.000000    0.000000    1.000000 1860.000000 1800.000000    0.000000          -1          -1
p 068  2013200555       74463    0.000000    0.000000    0.000000    1.000000 1860.000000 1800.000000    0.000000  1999503360           0
p 059           1 0 -1802698466        5502           8           0    1.000000    0.000051    0.000051    0.707107    0.707107 2233.934326 1798.762085    6.389908  1999503360          -1      160591       87030       50549          -1          -1           1        5502           0           0           1           1           0
p 059           1 0 -1802633165      176002          24           0    0.660000    0.000000    0.000000    0.703730    0.710468 2233.953857 1793.800171    6.619959  1999503360          -1          77   981663744           0          -1          -1           1      176002           0           0           1           1           0
p 059           1 0 -1802567677       60034          24           0    1.000000    0.000000    0.000000    0.328033    0.944666 2282.500000 1755.000000    0.000000  1999503360          -1          81           0           0          -1          -1           1       60034           0           0           1           1           0
p 059           1 0 -1802502004        6646           8           0    1.350000    0.000000    0.000000    0.894644   -0.446780 2292.617920 1775.513550    0.100000  1999503360          -1          77   981663744           0          -1          -1           1        6646           0           0           0           0           0
p 059           1 0 -1802436289        6653           8           0    1.350000    0.000000    0.000000    0.700175    0.713971 2281.973389 1771.113403    0.100000  1999503360          -1          77  1096777728           0          -1          -1           1        6653           0           0           0           0           0
p 059           1 0 -1802370980        6646           8           0    1.350000    0.000000    0.000000    0.141559    0.989930 2291.605713 1790.021118    0.100000  1999503360          -1          77  1097015296           0          -1          -1           1        6646           0           0           0           0           0
p 059           1 0 -1802305471        6158           8           0    1.000000    0.000000    0.000000    0.000000    1.000000 2278.047607 1794.180176    0.000000  1999503360          -1          77  1094639616           0          -1          -1           1        6158           0           0           1           1           0
p 059           1 0 -1802239909        6156           8           0    1.000000    0.000000    0.000000    0.188815    0.982013 2277.949463 1776.370972    0.000000  1999503360          -1          77   981663744           0          -1          -1           1        6156           0           0           1           1           0
p 059           1 0 -1802174370        6158           8           0    1.000000    0.000000    0.000000    0.005046    0.999987 2291.729980 1754.967285    0.000002  1999503360          -1          77   981663744           0          -1          -1           1        6158           0           0           1           1           0
p 059           1 0 -1802108612       61795           8           0    1.000000    0.000032   -0.000012    0.933952   -0.357398 2270.000000 1795.000000    0.000000  1999503360          -1          77   981663744           0          -1          -1           1       61795           0           0           1           1           0
p 059           1 0 -1802043280        6158           8           0    1.000000    0.000000    0.000000    0.103007    0.994681 2307.102783 1786.435547    0.000000  1999503360          -1          77   981663744           0          -1          -1           1        6158           0           0           1           1           0
p 059           1 0 -1801977682        6155           8           0    1.000000    0.000000    0.000000    0.030893    0.999523 2289.976318 1786.478760   -0.000002  1999503360          -1          77   981663744           0          -1          -1           1        6155           0           0           1           1           0
p 059           1 0 -1801912263        6155           8           0    1.000000    0.000000    0.000000    0.000000    1.000000 2287.167725 1764.293579   -0.000002  1999503360          -1          77   981663744           0          -1          -1           1        6155           0           0           1           1           0
p 059           1 0 -1801846605        6155           8           0    1.000000    0.000000    0.000000    0.405502    0.914094 2272.980957 1783.551636    0.251634  1999503360          -1          77   981663744           0          -1          -1           1        6155           0           0           1           1           0
p 059           1 0 -1801781229        6158           8           0    1.000000    0.000000    0.000000    0.010354    0.999946 2290.793457 1744.562866    0.000000  1999503360          -1          77   981663744           0          -1          -1           1        6158           0           0           1           1           0
p 059           1 0 -1801715605       86266           8           0    1.000000    0.000000    0.000000    0.000000    1.000000 2250.109619 1795.984375   12.885256  1999503360          -1          77   981663744           0          -1          -1           1       86266           0           0           1           1           0
p 059           1 0 -1801649929       86266           8           0    1.000000    0.000000    0.000000   -0.707107    0.707107 2250.109619 1767.802490   12.885258  1999503360          -1          77   981663744           0          -1          -1           1       86266           0           0           1           1           0
p 059           1 0 -1801256807      209103           8           0    1.000000    0.000000    0.000000    0.701496    0.712674 2110.990479 1708.549927   -0.065758  1999503360          -1          77   981663744           0          -1          -1           1      209103           0           0           1           1           0
p 059           1 0 -1800863478      180941          24           0    1.000000    0.000000    0.000000    0.000000    1.000000 2219.123291 1860.714111    0.000000  1999503360       62731         460           1           1          -1          -1           1      180941           0           0           1           1           0
p 059           1 0 -1800601272        6442           8           0    1.000000    0.000000    0.000000    0.258819    0.965926 2161.802246 1826.881958    1.864209  1999503360       62731          77   981663744           0          -1          -1           1        6442           0           0           1           1           0
p 059           1 0 -1800535986        3795          24           0    3.000000    0.000000    0.000000    0.000000    1.000000 2267.500000 1860.000000    0.155273  1999503360       62731          77   981663744           0          -1          -1           1        3795           0           0           1           1           0
p 059           1 0 -1800011693        5393           8           0    1.350000    0.000000    0.000000    0.286982    0.957936 2132.571533 1768.102661    0.159277  1999503360          -1          -1          -1          -1          -1          -1           1        5393           0           0           0           0           0
p 059           1 0 -1799946072        6158           8           0    1.000000    0.000000    0.000000    0.000000    1.000000 2176.511230 1788.741821    0.000000  1999503360          -1          77  1093443584           0          -1          -1           1        6158           0           0           1           1           0
p 059           1 0 -1799880648        6159           8           0    1.000000    0.000000    0.000000    0.000000    1.000000 2186.204102 1790.358032    0.000000  1999503360          -1          77   981663744           0          -1          -1           1        6159           0           0           1           1           0
p 059           1 0 -1799815121       86266           8           0    1.000000    0.000000    0.000000    1.000000    0.000000 2199.890869 1767.554932   12.885263  1999503360          -1          77   981663744           0          -1          -1           1       86266           0           0           1           1           0
p 059           1 0 -1799749587       86266           8           0    1.000000    0.000000    0.000000    0.707107    0.707107 2199.890869 1787.091553   12.885260  1999503360          -1          77   981663744           0          -1          -1           1       86266           0           0           1           1           0
p 059           1 0 -1799684067        6159           8           0    1.000000    0.000000    0.000000    0.000000    1.000000 2155.287354 1792.253418    0.000000  1999503360          -1          77   981663744           0          -1          -1           1        6159           0           0           1           1           0
p 059           1 0 -1799618548        6159           8           0    1.000000    0.000000    0.000000    0.000000    1.000000 2132.185547 1790.155396    0.000000  1999503360          -1          77   981663744           0          -1          -1           1        6159           0           0           1           1           0
p 059           1 0 -1799553014       75132           8           0    1.000000    0.000000    0.000000    0.000000    1.000000 2143.869385 1790.440186   -0.012131  1999503360          -1          77   981663744           0          -1          -1           1       75132           0           0           1           1           0
p 059           1 0 -1799487445       74909           8           0    1.000000    0.000000    0.000000    0.707107    0.707107 2132.227295 1752.259033    0.000000  1999503360          -1          77   981663744           0          -1          -1           1       74909           0           0           1           1           0
p 059           1 0 -1799421890        6158           8           0    1.000000    0.000000    0.000000    0.000000    1.000000 2168.036133 1796.691040    0.000002  1999503360          -1          77   981663744           0          -1          -1           1        6158           0           0           1           1           0
p 059           1 0 -1799356357       75023           8           0    1.000000    0.000000    0.000000    0.000000    1.000000 2189.298828 1768.043457    0.000000  1999503360          -1          77   981663744           0          -1          -1           1       75023           0           0           1           1           0
p 059           1 0 -1799290834        5393           8           0    1.350000    0.000000    0.000000    0.446688   -0.894690 2213.973145 1831.378296    0.100000  1999503360          -1          77   981663744           0          -1          -1           1        5393           0           0           0           0           0
p 059           1 0 -1799225302       75132           8           0    1.000000   -0.032696   -0.010870    0.016872    0.999264 2132.364014 1822.891846    0.000000  1999503360          -1          77  1095581696           0          -1          -1           1       75132           0           0           1           1           0
p 059           1 0 -1799159768      187367          24           0    1.130000    0.000000    0.000000    0.880684   -0.473704 2185.500000 1840.500000    0.000000  1999503360          -1          77   981663744           0          -1          -1           1      187367           0           0           0           0           0
p 059           1 0 -1799094249       86266           8           0    1.000000    0.000000    0.000000    0.707107    0.707107 2202.160645 1821.287720    3.077904  1999503360          -1          77   981663744           0          -1          -1           1       86266           0           0           1           1           0
p 059           1 0 -1799028714       86266           8           0    1.000000    0.000000    0.000000    0.707107    0.707107 2213.989990 1822.128906   12.885258  1999503360          -1          77   981663744           0          -1          -1           1       86266           0           0           1           1           0
p 059           1 0 -1798963179       74909           8           0    1.000000    0.000000    0.000000    0.000000    1.000000 2168.036133 1804.628418    0.000000  1999503360          -1          77   981663744           0          -1          -1           1       74909           0           0           1           1           0
p 059           1 0 -1798897648       74909           8           0    1.000000    0.000000    0.000000    0.000000    1.000000 2132.185547 1810.641479    0.000000  1999503360          -1          77   981663744           0          -1          -1           1       74909           0           0           1           1           0
p 059           1 0 -1798832114       87430           8           0    1.000000    0.000000    0.000000    0.975869   -0.218355 2127.500000 1837.500000    0.000008  1999503360          -1          77   981663744           0          -1          -1           1       87430           0           0           0           0           0
p 059           1 0 -1798766583        6158           8           0    1.000000    0.000000    0.000000    0.707107    0.707107 2216.873535 1832.229614    0.000000  1999503360          -1          77   981663744           0          -1          -1           1        6158           0           0           1           1           0
p 059           1 0 -1798701050      112200           8           0    1.000000    0.000000    0.000000    0.007895   -0.999969 2160.000000 1800.000000    0.000000  1999503360          -1          77   981663744           0          -1          -1           1      112200           0           0           0           0           0
p 059           1 0 -1798635223        6159           8           0    1.000000    0.000000    0.000000    0.000000    1.000000 2140.671875 1810.338257    0.000000  1999503360          -1          77   981663744           0          -1          -1           1        6159           0           0           1           1           0
p 059           1 0 -1798569693       86266           8           0    1.000000    0.000000    0.000000    0.707107    0.707107 2199.890869 1805.822510   12.885262  1999503360          -1          77   981663744           0          -1          -1           1       86266           0           0           1           1           0
p 059           1 0 -1798504171        6158           8           0    1.000000    0.000000    0.000000    0.000000    1.000000 2145.680664 1800.351196    0.000000  1999503360          -1          77   981663744           0          -1          -1           1        6158           0           0           1           1           0
p 059           1 0 -1798438639        6155           8           0    1.000000    0.000000    0.000000    0.000000    1.000000 2183.825195 1803.146118    0.000000  1999503360          -1          77   981663744           0          -1          -1           1        6155           0           0           1           1           0
p 059           1 0 -1798373117       86266           8           0    1.000000    0.000000    0.000000    0.707107    0.707107 2213.989990 1806.050171   12.885258  1999503360          -1          77   981663744           0          -1          -1           1       86266           0           0           1           1           0
p 059           1 0 -1798307582       86266           8           0    1.000000    0.000000    0.000000    0.000000    1.000000 2250.109619 1822.444580   12.885258  1999503360          -1          77   981663744           0          -1          -1           1       86266           0           0           1           1           0
p 059           1 0 -1798242047       75023           8           0    1.000000    0.000000    0.000000    0.676502    0.736441 2230.391113 1829.124756    0.000000  1999503360          -1          77   981663744           0          -1          -1           1       75023           0           0           1           1           0
p 059           1 0 -1798176527        6155           8           0    1.000000    0.000000    0.000000    0.707107    0.707107 2227.006592 1837.065918    0.000000  1999503360          -1          77   981663744           0          -1          -1           1        6155           0           0           1           1           0
p 059           1 0 -1798110994       74909           8           0    1.000000    0.000000    0.000000    0.707107    0.707107 2236.241943 1844.934937    0.000000  1999503360          -1          77   981663744           0          -1          -1           1       74909           0           0           1           1           0
p 059           1 0 -1798045462       86266           8           0    1.000000    0.000000    0.000000    0.000000    1.000000 2231.406494 1822.259277   12.885259  1999503360          -1          77   981663744           0          -1          -1           1       86266           0           0           1           1           0
p 059           1 0 -1797848770        6653           8           0    1.350000    0.000000    0.000000    0.328033    0.944666 2280.597900 1754.935791    0.583449  1999503360           0          77           1  1386953767          -1          -1           1        6653           0           0           0           0           0
p 059           1 0 -1797652256       86428           8           0    0.807479    0.000000    0.000000    0.000000    1.000000 2136.338623 1854.200073    3.901139  1999503360           0          81           1  1386953767          -1          -1           1       86428           0           0           1           1           0
p 059           1 0 -1797586699        6158           8           0    1.000000    0.000000    0.000000    0.707107    0.707107 2215.015381 1876.034912    0.000002  1999503360           0          77   981663744           0          -1          -1           1        6158           0           0           1           1           0
p 059           1 0 -1797521245       86428           8           0    0.807479    0.000000   -0.000000    0.414344    0.910120 2116.053955 1833.739380    3.901140  1999503360           0          77   981663744           0          -1          -1           1       86428           0           0           1           1           0
p 059           1 0 -1800798174      171556           0           0    0.300000    0.000000    0.000000    0.000000    1.000000 2122.500000 1848.000000    7.000000  1999503360           0          77   981663744           0          -1          -1           1      171556           0           0           1           1           0
p 059           1 0 -1797455540        6156           8           0    1.000000    0.000000    0.000000    0.707107    0.707107 2215.091064 1885.706177    0.000002  1999503360           0          77           1 -2013977798          -1          -1           1        6156           0           0           1           1           0
p 059           1 0 -1800994668      171556           0           0    0.300000    0.000000    0.000000    0.000000    1.000000 2098.000000 1848.000000    7.000000  1999503360           0          77   981663744           0          -1          -1           1      171556           0           0           1           1           0
p 059           1 0 -1797390012        5393           8           0    1.350000    0.000000    0.000000    0.921459    0.388475 2115.687744 1754.947998    0.309115  1999503360           0          77   981663744           0          -1          -1           1        5393           0           0           0           0           0
p 059           1 0 -1797324477       86428           8           0    0.807479    0.000000    0.000000    0.000000    1.000000 2104.423828 1833.739380    3.901140  1999503360           0          77  1096261632           0          -1          -1           1       86428           0           0           1           1           0
p 059           1 0 -1797258951       86428           8           0    0.807000    0.000000   -0.000000    0.414344    0.910120 2136.338135 1865.918945    3.896752  1999503360           0          77   981663744           0          -1          -1           1       86428           0           0           1           1           0
p 059           1 0 -1797193417        6159           8           0    1.000000    0.000000    0.000000    0.707107    0.707107 2089.483887 1829.531982   -0.000002  1999503360           0          77   981663744           0          -1          -1           1        6159           0           0           1           1           0
p 059           1 0 -1797127888       75132           8           0    1.000000    0.000000    0.000000    0.028011    0.999608 2155.853760 1883.769531    0.000001  1999503360           0          77   981663744           0          -1          -1           1       75132           0           0           1           1           0
p 059           1 0 -1797062360        6158           8           0    1.000000    0.000000    0.000000    0.645319    0.763913 2078.378418 1829.168945    0.000000  1999503360           0          77   981663744           0          -1          -1           1        6158           0           0           1           1           0
p 059           1 0 -1796996830       86428           8           0    0.807479    0.000000   -0.000000    0.414344    0.910120 2083.955811 1854.194946    3.901136  1999503360           0          77   981663744           0          -1          -1           1       86428           0           0           1           1           0
p 059           1 0 -1796931265        6155           8           0    1.000000    0.000000    0.000000    0.000000    1.000000 2144.216553 1881.768921    0.000001  1999503360           0          77           1  1386953767          -1          -1           1        6155           0           0           1           1           0
p 059           1 0 -1800732564      171556           0           0    0.300000    0.000000    0.000000    0.000000    1.000000 2122.500000 1872.000000    7.000000  1999503360           0          77   981663744           0          -1          -1           1      171556           0           0           1           1           0
p 059           1 0 -1796865730       86428           8           0    0.807000    0.000000    0.000000    0.000000    1.000000 2083.962891 1865.843750    3.896751  1999503360           0          77   981663744           0          -1          -1           1       86428           0           0           1           1           0
p 059           1 0 -1796800279       74909           8           0    1.000000    0.000000    0.000000    0.109518    0.993985 2127.321045 1884.828247    0.000000  1999503360           0          77   981663744           0          -1          -1           1       74909           0           0           1           1           0
p 052  1999503360           0          31          28          -1          -1          -1          -1          -1          -1          -1          -1          -1          -1      132856          -1      160591       87030       50549       71150         172         172           0          -1          63          48          48   67.432678   63.322708   26.742191   77.529572   81.859161   26.836498   67.432678   63.322708   26.742191   77.529572   81.859161   26.836498           0           0           0           0           1  2013266092       74463    0.000000    0.000000    0.000000    1.000000 1860.000000 1680.000000    0.000000          -1          -1
p 068  2013266092       74463    0.000000    0.000000    0.000000    1.000000 1860.000000 1680.000000    0.000000  1999503360           0
p 059           1 0 -1800929009      171556           0           0    0.300000    0.000000    0.000000   -0.223827    0.974629 2098.000000 1872.000000    7.000000  1999503360          -1      160591       87030       50549          -1          -1           1      171556           0           0           1           1           0
p 052  1999503360           0          35          32       19954       72712          -1          -1          -1           0          -1          -1           0          -1      144267          -1      162553       87030       73997       71150          70          70           0          -1          63          48          48   54.258179   64.286659  -17.226257   80.216293   71.526268   62.215126   54.258179   64.286659  -17.226257   80.216293   71.526268   62.215126           0         306           0           0           1  2006581318       74615    0.000000    0.000000    0.000000    1.000000 2100.000000 1920.000000    0.000000          -1          -1
p 068  2006581318       74615    0.000000    0.000000    0.000000    1.000000 2100.000000 1920.000000    0.000000  1999503360           0
p 059           1 0 -1796669348       84742           8           0    1.000000    0.000000    0.000000    0.436071    0.899912 2127.500000 1895.000000    0.000000  1999503360          -1      162553       87030       73997          -1          -1           1       84742           0           0           0           0           0
p 059           1 0 -1796603634       74909           8           0    1.000000    0.000000    0.000000   -0.070115    0.997539 2155.700439 1895.991577    0.000000  1999503360          -1          77   981663744           0          -1          -1           1       74909           0           0           1           1           0
p 059           1 0 -1796407036      176076           8           0    1.000000    0.000000    0.000000    0.000000    1.000000 2058.500000 1860.000000    0.245178  1999503360          -1          77   981663744           0          -1          -1           1      176076           0           0           0           0           0
p 059           1 0 -1796341514       86428           8           0    0.807000    0.000000   -0.000000    0.414344    0.910120 2116.053955 1886.018188    3.901140  1999503360          -1          77   981663744           0          -1          -1           1       86428           0           0           1           1           0
p 059           1 0 -1801387715        5502           0           0    1.000000    0.000000    0.000000    0.000000    1.000000 2037.878906 1775.536865    0.000000  1999503360          -1          77   981663744           0          -1          -1           1        5502           0           0           1           1           0
p 059           1 0 -1796210494        6158           8           0    1.000000    0.000000    0.000000   -0.091766    0.995781 2144.216553 1894.650269    0.000001  1999503360          -1          77   981663744           0          -1          -1           1        6158           0           0           1           1           0
p 059           1 0 -1796144963       75132           8           0    1.000000    0.000000    0.000000    0.000000    1.000000 2074.512939 1879.063110    0.000000  1999503360          -1          77   981663744           0          -1          -1           1       75132           0           0           1           1           0
p 059           1 0 -1801322204      176002          16           0    0.629971    0.000000    0.000000    0.000000    1.000000 2032.983154 1776.411133    1.434785  1999503360          -1          77   981663744           0          -1          -1           1      176002           0           0           1           1           0
p 059           1 0 -1796079435        6158           8           0    1.000000    0.000000   -0.000000    0.787410    0.616430 2037.665039 1825.122070    0.000000  1999503360           0          81           1  1386953767          -1          -1           1        6158           0           0           1           1           0
p 059           1 0 -1796013911        6159           8           0    1.000000    0.000000    0.000000    0.651918    0.758289 2037.076416 1814.604980    0.000000  1999503360           0          77   981663744           0          -1          -1           1        6159           0           0           1           1           0
p 059           1 0 -1795948428       86428           8           0    0.807000    0.000000    0.000000    0.000000    1.000000 2104.067139 1886.025391    3.896751  1999503360           0          77   981663744           0          -1          -1           1       86428           0           0           1           1           0
p 059           1 0 -1795882915        6155           8           0    1.000000    0.000000   -0.000000    0.493394    0.869806 2033.200806 1834.494995    0.876817  1999503360           0          77   981663744           0          -1          -1           1        6155           0           0           1           1           0
p 059           1 0 -1795817147       74909           8           0    1.000000    0.000000    0.000000    0.000000    1.000000 2059.432373 1880.021851    0.000000  1999503360           0          77   981663744           0          -1          -1           1       74909           0           0           1           1           0
p 059           1 0 -1795751856       76078           8           0    1.000000   -0.000023   -0.000023   -0.707107   -0.707107 2110.358887 1710.901978   -0.000031  1999503360           0          77   981663744           0          -1          -1           1       76078           0           0           1           1           0
p 059           1 0 -1795686312        6158           8           0    1.000000    0.000000    0.000000    0.000000    1.000000 2088.627686 1888.382202    0.000002  1999503360           0          77   981663744           0          -1          -1           1        6158           0           0           1           1           0
p 059           1 0 -1795620778        6156           8           0    1.000000    0.000000    0.000000    0.672694    0.739920 2027.404663 1823.931763   -0.000000  1999503360           0          77   981663744           0          -1          -1           1        6156           0           0           1           1           0
p 059           1 0 -1795555256      187370          24           0    1.130000    0.000000    0.000000    0.951589    0.307374 2020.000000 1837.500000    0.000008  1999503360           0          77   981663744           0          -1          -1           1      187370           0           0           0           0           0
p 059           1 0 -1795489722      214623          24           0    1.000000    0.000000    0.000000    0.975869   -0.218355 2127.500000 1837.500000    0.000008  1999503360           0          77   981663744           0          -1          -1           1      214623           0           0           0           0           0
p 059           1 0 -1795424225       74909           8           0    1.000000    0.000000    0.000000    0.000000    1.000000 2075.159668 1889.238403   -0.000002  1999503360           0          77   981663744           0          -1          -1           1       74909           0           0           1           1           0
p 059           1 0 -1795358406       75023           8           0    1.000000    0.000000    0.000000    0.000000    1.000000 2016.090698 1831.337524    0.000000  1999503360           0          77   981663744           0          -1          -1           1       75023           0           0           1           1           0
p 059           1 0 -1795292931       79985           8           0    1.000000    0.000021   -0.000222    0.092748   -0.995690 2035.569946 1785.199951   20.719999  1999503360           0          77           1  1386953767          -1          -1           1       79985           0           0           0           0           0
p 059           1 0 -1795227343        5393           8           0    1.350000    0.000000    0.000000    0.975869   -0.218355 2127.500000 1837.500000    0.000008  1999503360           0          77   981663744           0          -1          -1           1        5393           0           0           0           0           0
p 052  1999503360           0          30          26          -1          -1          -1          -1          -1          -1          -1          -1          -1          -1      132856          -1      160591       87030       50549       71150         173         173           0          -1          63          48          48   67.432678   63.322708   26.742191   77.529572   81.859161   26.836498   67.432678   63.322708   26.742191   77.529572   81.859161   26.836498           0           0           0           0           1  2013331629       74463    0.000000    0.000000    0.000000    1.000000 1800.000000 1560.000000    0.000000          -1          -1
p 068  2013331629       74463    0.000000    0.000000    0.000000    1.000000 1800.000000 1560.000000    0.000000  1999503360           0
