v 1
# ENTER WORLD  2000224267 (sno:      154587) at  343.750000  398.750000    0.593044
s  343.750000  398.750000    0.593044
p 055  2000224267      154587
p 051  343.750000  398.750000    0.593044  2000224267      154587
p 052  2000224267           0           1           1      154588          -1          -1          -1       71150          14       72712       60600          15       60601      211710          -1      179674       87018       50542          -1           5          -1           0          -1          63          96          96  107.499985  121.261841    1.199139  132.500031  121.261841   51.199139  107.499985  121.261841    1.199139  132.500031  121.261841   51.199139         126           0           0           0           0  2028142991       33057    0.000000    0.000000    0.000000    1.000000  240.000000  240.000000    0.000000          -1          -1
p 068  2028142991       33057    0.000000    0.000000    0.000000    1.000000  240.000000  240.000000    0.000000  2000224267           4
p 052  2000224267           0           1           2      154588          -1          -1          -1          -1          -1           0          -1          -1           0      211710          -1      179674       87018       50542          -1           4          -1           0          -1          63          96          96  115.259308  118.259445    1.199135  127.366791  121.740570   51.199142  115.259308  118.259445    1.199135  127.366791  121.740570   51.199142        2111           0           0           0           0  2028077454       33091    0.000000    0.000000    0.000000    1.000000  240.000000  480.000000    0.000000          -1          -1
p 068  2028077454       33091    0.000000    0.000000    0.000000    1.000000  240.000000  480.000000    0.000000  2000224267           4
p 052  2000224267           0           0           1      154588          -1          -1          -1          -1          -1           0          -1          -1           0      211710          -1      179674       87018       50542          -1          18          -1           0          -1          63          96          96  120.000008  120.000008  -19.888756  120.000008  120.000008   25.429258  120.000008  120.000008  -19.888756  120.000008  120.000008   25.429258           0           0           0           0           4  2028994972       33060    0.000000    0.000000    0.000000    1.000000    0.000000  240.000000    0.000000          -1          -1
p 068  2028994972       33060    0.000000    0.000000    0.000000    1.000000    0.000000  240.000000    0.000000  2000224267           4
p 059           1 0 -1795161807        5502           8           0    1.000000    0.000050    0.000050   -0.707107   -0.707107  340.500000  396.000000    0.941963  2000224267          -1      179674       87018       50542          -1          -1           1        5502           0           0           1           1           0
p 059           1 0 -1795096436        3795          24           0    1.000000    0.000000    0.000000    0.000000    1.000000  340.303711  396.811279    0.603241  2000224267          -1          77   981663744           0          -1          -1           1        3795           0           0           1           1           0
p 059           1 0 -1795030776      176002          24           0    1.000000    0.000000    0.000000    0.724001    0.689799  340.416565  388.991913    1.119411  2000224267          -1          77   981663744           0          -1          -1           1      176002           0           0           1           1           0
p 059           1 0 -1794965242      180941          24           0    1.000000    0.000000    0.000000    0.000000    1.000000  339.678284  411.697693    0.559364  2000224267          -1          81           0           0          -1          -1           1      180941           0           0           1           1           0
p 059           1 0 -1794899710        3949           8           0    1.000000    0.000000    0.000000    0.367681    0.929952  324.987549  395.037323    0.075165  2000224267          -1          77   981663744           0          -1          -1           1        3949           0           0           1           1           0
p 059           1 0 -1794834175        3949           8           0    1.000000    0.000000    0.000000   -0.579794    0.814763  355.512451  395.339691    0.095753  2000224267          -1          77   981663744           0          -1          -1           1        3949           0           0           1           1           0
p 059           1 0 -1793851301        3949           0           0    0.800000    0.000000    0.000000    0.000000    1.000000  318.817993  500.621460    4.436098  2000224267           0          -1           1 -2013977798          -1          -1           1        3949           0           0           1           1           0
p 059           1 0 -1792343732        4156           8           0    0.500000    0.000000    0.000000    0.499577    0.866270  338.293365  500.365601   -0.449977  2000224267           0          77           1 -2013977798          -1          -1           1        4156           0           0           0           0           0
p 059           1 0 -1792278200        4156           8           0    0.500000    0.000000    0.000000    0.749372   -0.662149  341.514282  497.342621    0.000024  2000224267           0          77  1092141056           0          -1          -1           1        4156           0           0           0           0           0
p 059           1 0 -1792212669        4156           8           0    0.500000    0.000000    0.000000    0.842772   -0.538270  333.298767  505.601074   -0.520857  2000224267           0          77  1094017024           0          -1          -1           1        4156           0           0           0           0           0
p 059           1 0 -1792147137        4156           8           0    0.500000    0.000000    0.000000    0.620808   -0.783963  344.227264  501.977478   -0.151152  2000224267           0          77  1089978368           0          -1          -1           1        4156           0           0           0           0           0
p 059           1 0 -1792081607        4156           8           0    0.500000    0.000000    0.000000    0.090213   -0.995923  338.970062  510.150085   -0.510536  2000224267           0          77  1090748416           0          -1          -1           1        4156           0           0           0           0           0
p 059           1 0 -1792016080        4156           8           0    0.500000    0.000000    0.000000    0.702843    0.711345  338.002289  508.693787   -0.714525  2000224267           0          77  1094254592           0          -1          -1           1        4156           0           0           0           0           0
p 052  2000224267           0           0           2      154588          -1          -1          -1          -1          -1           0          -1          -1           0      211710          -1      179674       87018       50542          -1          16          -1           0          -1          63          96          96  120.000008  120.000008  -19.888756  120.000008  120.000008   25.429258  120.000008  120.000008  -19.888756  120.000008  120.000008   25.429258           0           0           0           0           4  2028863898       33060    0.000000    0.000000    0.000000    1.000000    0.000000  480.000000    0.000000          -1          -1
p 068  2028863898       33060    0.000000    0.000000    0.000000    1.000000    0.000000  480.000000    0.000000  2000224267           4
p 059           1 0 -1791950551        4156           8           0    0.500000    0.000000    0.000000    0.722394   -0.691481  335.477112  510.498199   -0.509952  2000224267          -1      179674       87018       50542          -1          -1           1        4156           0           0           0           0           0
p 059           1 0 -1794244361      205774          16           0    1.000000   -0.000009   -0.000009   -0.707107   -0.707107  289.930298  539.199097    0.167671  2000224267           0          77           1  1386953767          -1          -1           1      205774           0           0           0           0           0
p 052  2000224267           0           2           2      154588          -1          -1          -1          -1          -1           0          -1          -1           0      211710          -1      179674       87018       50542          -1           1          -1           0          -1          63          96          96  117.918091  122.916077   11.831760  124.708008  122.916077   61.831768  117.918091  122.916077   11.831760  124.708008  122.916077   61.831768        3138           0           0           0           0  2027880843       33073    0.000000    0.000000    0.000000    1.000000  480.000000  480.000000    0.000000          -1          -1
p 068  2027880843       33073    0.000000    0.000000    0.000000    1.000000  480.000000  480.000000    0.000000  2000224267           4
p 059           1 0 -1794178893        5758          16           0    1.000000    0.000000    0.000000    0.000000    1.000000  301.211426  547.540833   -0.005318  2000224267           0      179674           1  1386953767          -1          -1           1        5758           0           0           0           0           0
p 059           1 0 -1793458106       56567           0           0    1.000000    0.000051    0.000051    0.707107    0.707107  305.114136  560.351929    0.318008  2000224267           0          77   981663744           0          -1          -1           1       56567           0           0           1           1           0
p 059           1 0 -1794572210      205774          16           0    1.000000    0.000000    0.000000    0.000000    1.000000  263.424500  550.969299    0.032349  2000224267           0          77   981663744           0          -1          -1           1      205774           0           0           0           0           0
p 059           1 0 -1794703122       81431           0           0    1.000000    0.000000    0.000000    0.648457   -0.761251  325.000000  560.500000    0.026733  2000224267           0          77   981663744           0          -1          -1           1       81431           0           0           0           0           0
p 059           1 0 -1790574398      187359          26           0    1.000000    0.000000    0.000000    0.827204   -0.561901  334.548431  503.082977   -0.415481  2000224267           0          77   981663744           0          -1          -1           1      187359           0           0           0           0           0
p 059           1 0 -1790508893      187359          26           0    1.000000    0.000000    0.000000    0.772373   -0.635170  337.337402  503.006226   -0.575838  2000224267           0          77   981663744           0          -1          -1           1      187359           0           0           0           0           0
p 059           1 0 -1790639904        4825          24           0    2.000000    0.000000    0.000000    0.000000    1.000000  334.548431  503.082977    0.250026  2000224267           0          77   981663744           0           2 -1512732138          -1          -1           1           0           0           0           0
p 059           1 0 -1790443404      187359          26           0    1.000000    0.000000    0.000000    0.656778   -0.754084  330.913971  503.223694   -0.050757  2000224267           0          27           1 -1216535162          -1          -1           1      187359           0           0           0           0           0
p 059           1 0 -1790377868      187359          26           0    1.000000    0.000000    0.000000    0.758319   -0.651883  337.438934  516.695923   -0.281047  2000224267           0          27           1 -1216535162          -1          -1           1      187359           0           0           0           0           0
p 059           1 0 -1790312125      187359          26           0    1.000000    0.000000    0.000000    0.707107    0.707107  341.652283  509.766205   -0.311040  2000224267           0          27           1 -2013977798          -1          -1           1      187359           0           0           0           0           0
p 059           1 0 -1790181260      187359          26           0    1.000000    0.000000    0.000000    0.867327   -0.497739  338.139374  496.844421    0.100024  2000224267           0          27           1 -2013977798          -1          -1           1      187359           0           0           0           0           0
p 059           1 0 -1790246599        4267           8           0    1.700000    0.000000    0.000000    0.000000    1.000000  338.139374  496.844421    0.500024  2000224267           0          27           1 -2013977798           2 -1962741247          -1          -1           1           0           0           0           0
p 059           1 0 -1793523709       56567           0           0    1.000000    0.000044   -0.000044    0.707107   -0.707107  270.379150  580.481567    0.733936  2000224267           0         277           1  1386953767          -1          -1           1       56567           0           0           1           1           0
p 059           1 0 -1794637590       85690          16           0    1.000000    0.000000    0.000000    0.000000    1.000000  263.434662  591.068909    0.033638  2000224267           0          77   981663744           0          -1          -1           1       85690           0           0           0           0           0
p 059           1 0 -1793589229       56567           0           0    1.000000    0.000044   -0.000044    0.707107   -0.707107  290.316589  620.791626    0.733938  2000224267           0          77           1  1386953767          -1          -1           1       56567           0           0           1           1           0
p 059           1 0 -1794375364       85690          16           0    1.000000    0.000051    0.000051    0.707107    0.707107  330.582520  653.022095   -0.007786  2000224267           0          77   981663744           0          -1          -1           1       85690           0           0           0           0           0
p 059           1 0 -1790115508      205775          24           0    1.000000   -0.000009   -0.000009   -0.707107   -0.707107  289.930298  539.199097    0.167671  2000224267           0          77   981663744           0          -1          -1           1      205775           0           0           0           0           0
p 059           1 0 -1793916834         357           0           0    0.800000    0.000000    0.000000    0.951778    0.306789  258.880005  607.104614    0.392862  2000224267           0          77   981663744           0          -1          -1           1         357           0           0           1           1           0
p 059           1 0 -1794441170       85690          16           0    1.000000    0.000000    0.000000    0.000000    1.000000  264.041687  629.798828   -0.030846  2000224267           0          77           1  1386953767          -1          -1           1       85690           0           0           0           0           0
p 059           1 0 -1794375364       85690          16           0    1.000000    0.000051    0.000051    0.707107    0.707107  330.582520  653.022095   -0.007786  2000224267           0          77   981663744           0          -1          -1           1       85690           0           0           0           0           0
p 059           1 0 -1794506738      205774          16           0    1.000000    0.000000    0.000000    0.000000    1.000000  264.204773  669.702026    0.167667  2000224267           0          77           1 -2013977798          -1          -1           1      205774           0           0           0           0           0
p 059           1 0 -1790049985        6651           8           0    1.350000   -0.000009   -0.000009   -0.707107   -0.707107  289.930298  539.199097    0.167671  2000224267           0          77   981663744           0          -1          -1           1        6651           0           0           0           0           0
p 059           1 0 -1789984440      205782           8           0    1.000000   -0.000009   -0.000009   -0.707107   -0.707107  289.930298  539.199097    0.167671  2000224267       30582          81           0           0          -1          -1           1      205782           0           0           0           0           0
p 052  2000224267           0           1           3      154588          -1          -1          -1          -1          -1           0          -1          -1           0      211710          -1      179674       87018       50542          -1           7          -1           0          -1          63          96          96  120.000008  120.000008  -19.888756  120.000008  120.000008   25.429258  120.000008  120.000008  -19.888756  120.000008  120.000008   25.429258           0           0           0           0           4  2028274065       33060    0.000000    0.000000    0.000000    1.000000  240.000000  720.000000    0.000000          -1          -1
p 068  2028274065       33060    0.000000    0.000000    0.000000    1.000000  240.000000  720.000000    0.000000  2000224267           4
p 059           1 0 -1793851301        3949           0           0    0.800000    0.000000    0.000000    0.000000    1.000000  318.817993  500.621460    4.436098  2000224267          -1      179674       87018       50542          -1          -1           1        3949           0           0           1           1           0
p 059           1 0 -1794309858      205774          16           0    1.000000    0.000051    0.000051    0.707107    0.707107  369.226440  654.314331    0.167664  2000224267          -1          77   981663744           0          -1          -1           1      205774           0           0           0           0           0
p 059           1 0 -1789919008        6646           8           0    1.350000    0.000000    0.000000    0.995728   -0.092330  329.307953  670.540283   -0.257233  2000224267          -1          77   981663744           0          -1          -1           1        6646           0           0           0           0           0
p 059           1 0 -1789853364        6646           8           0    1.350000    0.000000    0.000000    0.181011   -0.983481  328.448669  675.436035    0.000000  2000224267           0          77  1095057408           0          -1          -1           1        6646           0           0           0           0           0
p 059           1 0 -1789787913        6646           8           0    1.350000    0.000000    0.000000    0.966398    0.257051  343.276520  670.048218   -0.117218  2000224267           0          77           1  1386953767          -1          -1           1        6646           0           0           0           0           0
p 059           1 0 -1789722333        6646           8           0    1.350000    0.000000    0.000000    0.743169   -0.669104  344.378845  673.485779   -0.251681  2000224267           0          77  1095204864           0          -1          -1           1        6646           0           0           0           0           0
p 059           1 0 -1793654733       56455          16           0    1.000000    0.000051    0.000051    0.707107    0.707107  349.975586  680.026428    0.070781  2000224267           0          77  1095254016           0          -1          -1           1       56455           0           0           1           1           0
p 059           1 0 -1794113362        5758          16           0    1.000000    0.000000    0.000000    0.000000    1.000000  345.715820  672.715942    0.006088  2000224267           0          77   981663744           0          -1          -1           1        5758           0           0           0           0           0
p 052  2000224267           0           0           3      154588          -1          -1          -1          -1          -1           0          -1          -1           0      211710          -1      179674       87018       50542          -1          17          -1           0          -1          63          96          96  120.000008  120.000008  -19.888756  120.000008  120.000008   25.429258  120.000008  120.000008  -19.888756  120.000008  120.000008   25.429258           0           0           0           0           4  2028929435       33060    0.000000    0.000000    0.000000    1.000000    0.000000  720.000000    0.000000          -1          -1
p 068  2028929435       33060    0.000000    0.000000    0.000000    1.000000    0.000000  720.000000    0.000000  2000224267           4
p 059           1 0 -1789656769        4402          26           0    1.000000    0.000000    0.000000    0.684284    0.729216  331.045013  666.094116   -0.580371  2000224267           0      179674           1  1386953767          17        4402          -1          -1           0           0           0           0           0
p 052  2000224267           0           0           3      154588          -1          -1          -1          -1          -1           0          -1          -1           0      211710          -1      179674       87018       50542          -1          17          -1           0          -1          63          96          96  120.000008  120.000008  -19.888756  120.000008  120.000008   25.429258  120.000008  120.000008  -19.888756  120.000008  120.000008   25.429258           0           0           0           0           4  2028929435       33060    0.000000    0.000000    0.000000    1.000000    0.000000  720.000000    0.000000          -1          -1
p 068  2028929435       33060    0.000000    0.000000    0.000000    1.000000    0.000000  720.000000    0.000000  2000224267           4
p 059           1 0 -1789591220      187359          26           0    1.000000    0.000000    0.000000    0.524572   -0.851366  335.665894  668.211060   -0.148456  2000224267          -1      179674       87018       50542          -1          -1           1      187359           0           0           0           0           0
p 059           1 0 -1789525697      187359          26           0    1.000000    0.000000    0.000000    0.999259   -0.038493  338.036377  666.012268    0.100000  2000224267          -1      179674       87018       50542          -1          -1           1      187359           0           0           0           0           0
p 059           1 0 -1789460233      209200           8           0    1.000000    0.000000    0.000000    0.000000    1.000000  345.735626  663.914673    0.200000  2000224267           0      179674           1 -1216535162           2   126259832          -1          -1           1           0           0           0           0
p 059           1 0 -1789394612      209200           8           0    1.000000    0.000000    0.000000    0.000000    1.000000  325.795563  670.229675    0.138897  2000224267           0      179674           1 -1216535162           2   126259832          -1          -1           1           0           0           0           0
p 059           1 0 -1793785791        3949           0           0    0.800000    0.000000    0.000000    0.000000    1.000000  398.130615  622.188965    1.501106  2000224267           0      179674           1 -1216535162          -1          -1           1        3949           0           0           1           1           0
p 059           1 0 -1789329161      205775          24           0    1.000000    0.000051    0.000051    0.707107    0.707107  369.226440  654.314331    0.167664  2000224267           0          77   981663744           0          -1          -1           1      205775           0           0           0           0           0
p 059           1 0 -1793720263        3949           0           0    0.800000    0.000000    0.000000    0.000000    1.000000  398.657715  584.793945   10.141338  2000224267           0          77   981663744           0          -1          -1           1        3949           0           0           1           1           0
p 059           1 0 -1793982357        5758          16           0    1.000000    0.000000    0.000000    0.000000    1.000000  425.359924  652.607422   -0.093712  2000224267           0          77   981663744           0          -1          -1           1        5758           0           0           0           0           0
p 059           1 0 -1792409279      131278           0           0    1.100000    0.000000    0.000000    0.929092   -0.369850  426.237183  633.444580    0.100024  2000224267           0          77           1  1386953767          -1          -1           1      131278           0           0           0           0           0
p 059           1 0 -1794047888        5758          16           0    1.000000    0.000000    0.000000    0.000000    1.000000  417.595459  598.467590   -0.025375  2000224267           0          77  1102839808           0          -1          -1           1        5758           0           0           0           0           0
p 052  2000224267           0           2           2      154588          -1          -1          -1          -1          -1           0          -1          -1           0      211710          -1      179674       87018       50542          -1           1          -1           0          -1          63          96          96  117.918091  122.916077   11.831760  124.708008  122.916077   61.831768  117.918091  122.916077   11.831760  124.708008  122.916077   61.831768        3138           0           0           0           0  2027880843       33073    0.000000    0.000000    0.000000    1.000000  480.000000  480.000000    0.000000          -1          -1
p 068  2027880843       33073    0.000000    0.000000    0.000000    1.000000  480.000000  480.000000    0.000000  2000224267           4
p 059           1 0 -1793064740      131280           0           0    1.250000    0.000000    0.000000    0.684231   -0.729265  444.330750  586.401245    0.032727  2000224267          -1      179674       87018       50542          -1          -1           1      131280           0           0           0           0           0
p 059           1 0 -1792933746      131280           0           0    1.250000    0.000000    0.000000    0.648915   -0.760861  446.180115  579.347046   -0.690311  2000224267           0          77  1094811648           0          -1          -1           1      131280           0           0           0           0           0
p 059           1 0 -1792999212      131280           0           0    1.250000    0.000000    0.000000    0.709690    0.704514  452.024872  584.085999   -0.179904  2000224267           0          77  1093500928           0          -1          -1           1      131280           0           0           0           0           0
p 052  2000224267           0           2           3      154588          -1          -1          -1          -1          -1           0          -1          -1           0      211710          -1      179674       87018       50542          -1           0          -1           0          -1          63          96          96  115.259308  118.259445    1.199135  127.366791  121.740570   51.199142  115.259308  118.259445    1.199135  127.366791  121.740570   51.199142        2111           0           0           0           0  2027815306       33091    0.000000    0.000000    0.000000    1.000000  480.000000  720.000000    0.000000          -1          -1
p 068  2027815306       33091    0.000000    0.000000    0.000000    1.000000  480.000000  720.000000    0.000000  2000224267           4
p 059           1 0 -1786904251        6651           8           0    1.350000    0.000051    0.000051    0.707107    0.707107  369.226440  654.314331    0.167664  2000224267           0      179674       87018       50542          -1          -1           1        6651           0           0           0           0           0
p 059           1 0 -1786838722      205782           8           0    1.000000    0.000051    0.000051    0.707107    0.707107  369.226440  654.314331    0.167664  2000224267       30582          81           0           0          -1          -1           1      205782           0           0           0           0           0
p 059           1 0 -1793523709       56567           0           0    1.000000    0.000044   -0.000044    0.707107   -0.707107  270.379150  580.481567    0.733936  2000224267           0          81           1 -2013977798          -1          -1           1       56567           0           0           1           1           0
p 059           1 0 -1794703122       81431           0           0    1.000000    0.000000    0.000000    0.648457   -0.761251  325.000000  560.500000    0.026733  2000224267           0          77   981663744           0          -1          -1           1       81431           0           0           0           0           0
p 059           1 0 -1786773257        4267           8           0    1.700000    0.000000    0.000000    0.000000    1.000000  417.578308  643.087463   -0.249389  2000224267           0          77           1  1386953767           2 -1962741247          -1          -1           1           0           0           0           0
p 059           1 0 -1786707721        3847           8           0    1.000000    0.000000    0.000000    0.542038   -0.840354  469.898376  570.632080   -0.037314  2000224267           0         277           1  1386953767          -1          -1           1        3847           0           0           0           0           0
p 059           1 0 -1794768655       81431           0           0    1.000000    0.000000    0.000000    0.238071   -0.971248  475.000000  564.500000   -0.017395  2000224267           0          77  1110245376           0          -1          -1           1       81431           0           0           0           0           0
p 059           1 0 -1793916834         357           0           0    0.800000    0.000000    0.000000    0.951778    0.306789  258.880005  607.104614    0.392862  2000224267           0          77   981663744           0          -1          -1           1         357           0           0           1           1           0
p 059           1 0 -1794178893        5758          16           0    1.000000    0.000000    0.000000    0.000000    1.000000  301.211426  547.540833   -0.005318  2000224267           0          77   981663744           0          -1          -1           1        5758           0           0           0           0           0
p 059           1 0 -1794637590       85690          16           0    1.000000    0.000000    0.000000    0.000000    1.000000  263.434662  591.068909    0.033638  2000224267           0          77   981663744           0          -1          -1           1       85690           0           0           0           0           0
p 059           1 0 -1786642111        3949           8           0    1.000000    0.000000    0.000000    0.707107    0.707107  490.047852  566.324951    0.230652  2000224267           0          77           1  1386953767          -1          -1           1        3949           0           0           1           1           0
p 059           1 0 -1789984440      205782           0           0    1.000000   -0.000009   -0.000009   -0.707107   -0.707107  289.930298  539.199097    0.167671  2000224267           0          77   981663744           0          -1          -1           1      205782           0           0           0           0           0
p 059           1 0 -1789263648      131278           0           0    1.100000    0.000000    0.000000    0.999947    0.010295  512.654846  584.880676    0.059552  2000224267           0          77   981663744           0          -1          -1           1      131278           0           0           0           0           0
p 052  2000224267           0           2           1      154588          -1          -1          -1          -1          -1           0          -1          -1           0      211710          -1      179674       87018       50542          -1          11          -1           0          -1          63          96          96  120.000008  120.000008  -19.888756  120.000008  120.000008   25.429258  120.000008  120.000008  -19.888756  120.000008  120.000008   25.429258           0           0           0           0           4  2028536213       33060    0.000000    0.000000    0.000000    1.000000  480.000000  240.000000    0.000000          -1          -1
p 068  2028536213       33060    0.000000    0.000000    0.000000    1.000000  480.000000  240.000000    0.000000  2000224267           4
p 059           1 0 -1786576564         357           8           0    1.000000    0.000000    0.000000    0.000000    1.000000  491.218719  506.198853   25.000000  2000224267          -1      179674       87018       50542          -1          -1           1         357           0           0           1           1           0
p 059           1 0 -1786511037        4365           8           0    1.000000    0.024376    0.120679   -0.196482    0.972747  447.731750  582.571106    6.036130  2000224267           0          77           1  1386953767          17        4365          -1          -1           0           0           0           0           0
p 059           1 0 -1786445612      187359          26           0    1.000000    0.000000    0.000000    0.249457   -0.968386  446.768433  584.005066   -0.439941  2000224267           0          77           1  1386953767          -1          -1           1      187359           0           0           0           0           0
p 059           1 0 -1786314610      187359          26           0    1.000000    0.000000    0.000000    0.035340   -0.999375  448.041016  579.097351   -0.687620  2000224267           0          77           1 -1216535162          -1          -1           1      187359           0           0           0           0           0
p 059           1 0 -1786379965      209200           8           0    1.000000    0.000000    0.000000    0.000000    1.000000  448.041016  579.097351   -0.268144  2000224267           0          77           1 -1216535162           2   126259832          -1          -1           1           0           0           0           0
p 059           1 0 -1786249004      209200           8           0    1.000000    0.000000    0.000000    0.000000    1.000000  450.086151  587.453552   -0.154476  2000224267           0          77           1 -1216535162           2   126259832          -1          -1           1           0           0           0           0
p 059           1 0 -1786183439      187359          26           0    1.000000    0.000000    0.000000    0.238071   -0.971248  475.000000  564.500000   -0.017395  2000224267           0          77           1 -1216535162          -1          -1           1      187359           0           0           0           0           0
p 059           1 0 -1794375364       85690          16           0    1.000000    0.000051    0.000051    0.707107    0.707107  330.582520  653.022095   -0.007786  2000224267           0          77           1  1386953767          -1          -1           1       85690           0           0           0           0           0
p 059           1 0 -1786117823        4564           8           0    1.300000    0.000000    0.000000    0.635317    0.772251  458.913910  569.136841    0.100000  2000224267           0          77   981663744           0          -1          -1           1        4564           0           0           0           0           0
p 059           1 0 -1786052367        4564           8           0    1.300000    0.000000    0.000000    0.246054    0.969256  458.913910  569.136841    0.100000  2000224267           0         384 -1786707721           1          -1          -1           1        4564           0           0           0           0           0
p 059           1 0 -1785986930        4564           8           0    1.300000    0.000000    0.000000    0.701243    0.712923  458.913910  569.136841    0.100000  2000224267           0         384 -1786707721           1          -1          -1           1        4564           0           0           0           0           0
p 059           1 0 -1793982357        5758          16           0    1.000000    0.000000    0.000000    0.000000    1.000000  425.359924  652.607422   -0.093712  2000224267           0         384 -1786707721           1          -1          -1           1        5758           0           0           0           0           0
p 059           1 0 -1785855858      187359          26           0    1.000000    0.000000    0.000000    0.357058    0.934082  464.942657  571.322693   -0.173050  2000224267           0          77           1  1386953767          -1          -1           1      187359           0           0           0           0           0
p 059           1 0 -1785921289        4267           8           0    1.700000    0.000000    0.000000    0.000000    1.000000  464.942657  571.322693    0.500000  2000224267           0          77           1  1386953767           2 -1962741247          -1          -1           1           0           0           0           0
p 059           1 0 -1785724687      187359          26           0    1.000000    0.000000    0.000000    0.408332    0.912834  464.934418  567.486694    0.100000  2000224267           0         277           1  1386953767          -1          -1           1      187359           0           0           0           0           0
p 059           1 0 -1785790322      209200           8           0    1.000000    0.000000    0.000000    0.000000    1.000000  464.934418  567.486694    0.200000  2000224267           0         277           1 -1216535162           2   126259832          -1          -1           1           0           0           0           0
p 059           1 0 -1786838722      205782           0           0    1.000000    0.000051    0.000051    0.707107    0.707107  369.226440  654.314331    0.167664  2000224267           0         277           1  1386953767          -1          -1           1      205782           0           0           0           0           0
p 059           1 0 -1793982357        5758          16           0    1.000000    0.000000    0.000000    0.000000    1.000000  425.359924  652.607422   -0.093712  2000224267           0         277           1  1386953767          -1          -1           1        5758           0           0           0           0           0
p 059           1 0 -1794178893        5758          16           0    1.000000    0.000000    0.000000    0.000000    1.000000  301.211426  547.540833   -0.005318  2000224267           0          77   981663744           0          -1          -1           1        5758           0           0           0           0           0
p 059           1 0 -1794375364       85690          16           0    1.000000    0.000051    0.000051    0.707107    0.707107  330.582520  653.022095   -0.007786  2000224267           0          77   981663744           0          -1          -1           1       85690           0           0           0           0           0
p 059           1 0 -1794637590       85690          16           0    1.000000    0.000000    0.000000    0.000000    1.000000  263.434662  591.068909    0.033638  2000224267           0          77   981663744           0          -1          -1           1       85690           0           0           0           0           0
p 059           1 0 -1785659250        4156           8           0    0.500000    0.000000    0.000000    0.903114    0.429401  543.864746  530.536072   25.482700  2000224267           0          77           1  1386953767          -1          -1           1        4156           0           0           0           0           0
p 059           1 0 -1785593609        4156           8           0    0.500000    0.000000    0.000000    0.734289   -0.678837  550.142761  522.505005   25.482700  2000224267           0          77  1091952640           0          -1          -1           1        4156           0           0           0           0           0
p 059           1 0 -1785527997        4156           8           0    0.500000    0.000000    0.000000    0.896299    0.443450  550.821228  531.909607   25.482700  2000224267           0          77  1087569920           0          -1          -1           1        4156           0           0           0           0           0
p 059           1 0 -1785462463        4156           8           0    0.500000    0.000000    0.000000    0.973621   -0.228171  551.466675  529.059326   25.482700  2000224267           0          77  1091805184           0          -1          -1           1        4156           0           0           0           0           0
p 059           1 0 -1785397007        4156           8           0    0.500000    0.000000    0.000000    0.026499   -0.999649  554.456055  526.000488   25.482700  2000224267           0          77  1090043904           0          -1          -1           1        4156           0           0           0           0           0
p 059           1 0 -1793785791        3949           0           0    0.800000    0.000000    0.000000    0.000000    1.000000  398.130615  622.188965    1.501106  2000224267           0          77           1  1386953767          -1          -1           1        3949           0           0           1           1           0
p 059           1 0 -1785331492         357           8           0    1.000000    0.000000    0.000000    0.895541   -0.444979  583.829590  497.140167   25.691715  2000224267           0          77   981663744           0          -1          -1           1         357           0           0           1           1           0
p 059           1 0 -1785265851        6646           8           0    1.350000    0.000000    0.000000    0.764230   -0.644944  596.918091  512.503418   25.482702  2000224267           0          77           1 -2013977798          -1          -1           1        6646           0           0           0           0           0
p 059           1 0 -1785200327        6646           8           0    1.350000    0.000000    0.000000    0.998442   -0.055794  601.159851  517.923218   25.482700  2000224267           0          77           1  1386953767          -1          -1           1        6646           0           0           0           0           0
p 059           1 0 -1785200327        6646           0           0    1.350000    0.000000    0.000000    0.721581    0.692331  602.433533  518.462769   25.482700  2000224267           0          77  1096294400           0          -1          -1           1        6646           0           0           0           0           0
p 059           1 0 -1785134793        6646           8           0    1.350000    0.000000    0.000000    0.827494    0.561475  604.678589  506.235291   25.482700  2000224267           0          77  1096294400           0          -1          -1           1        6646           0           0           0           0           0
p 059           1 0 -1785069344        3897           8           0    1.000000    0.000000    0.000000   -0.707985    0.706228  618.000000  595.000000    0.003113  2000224267           0          77           1  1386953767          -1          -1           1        3897           0           0           0           0           0
p 059           1 0 -1785003725       81431           8           0    1.000000    0.000000    0.000000    0.917927   -0.396750  619.000000  499.500000   25.557098  2000224267           0          77   981663744           0          -1          -1           1       81431           0           0           0           0           0
p 059           1 0 -1784938192        3847           8           0    1.000000    0.000000    0.000000    0.784233   -0.620466  584.616638  643.761719    0.100004  2000224267           0          77   981663744           0          -1          -1           1        3847           0           0           0           0           0
p 059           1 0 -1784872663        3948          24           0    1.000000    0.000000    0.000000    0.678801    0.734322  638.962708  496.343201   24.999992  2000224267           0          77           1  1386953767          -1          -1           1        3948           0           0           1           1           0
p 059           1 0 -1784807128        3949           8           0    1.000000    0.000000    0.000000    0.000000    1.000000  670.392578  564.933289    0.215240  2000224267           0          77   981663744           0          -1          -1           1        3949           0           0           1           1           0
p 052  2000224267           0           3           2      154588          -1          -1          -1          -1          -1           0          -1          -1           0      211710          -1      179674       87018       50542          -1           2          -1           0          -1          63          96          96  118.259445  121.260986    1.217243  121.740570  121.262695   51.217251  118.259445  121.260986    1.217243  121.740570  121.262695   51.217251         853           0           0           0           0  2027946380       33070    0.000000    0.000000    0.000000    1.000000  720.000000  480.000000    0.000000          -1          -1
p 068  2027946380       33070    0.000000    0.000000    0.000000    1.000000  720.000000  480.000000    0.000000  2000224267           4
p 059           1 0 -1784610543      173489           0           0    0.250000    0.000000    0.000000    0.000000    1.000000  722.667542  568.435974    1.893876  2000224267           0      179674           1  1386953767          -1          -1           1      173489           0           0           1           1           0
p 059           1 0 -1784676075        3949           0           0    1.000000    0.000000    0.000000    0.913131    0.407665  742.889038  563.425720    3.287178  2000224267           0      179674           1  1386953767          -1          -1           1        3949           0           0           1           1           0
p 052  2000224267           0           3           1      154588          -1          -1          -1          -1          -1           0          -1          -1           0      211710          -1      179674       87018       50542          -1          10          -1           0          -1          63          96          96  120.000008  120.000008  -19.888756  120.000008  120.000008   25.429258  120.000008  120.000008  -19.888756  120.000008  120.000008   25.429258           0           0           0           0           4  2028470676       33060    0.000000    0.000000    0.000000    1.000000  720.000000  240.000000    0.000000          -1          -1
p 068  2028470676       33060    0.000000    0.000000    0.000000    1.000000  720.000000  240.000000    0.000000  2000224267           4
p 059           1 0 -1784479478      131280           0           0    1.250000    0.000000    0.000000    0.954753    0.297400  749.979675  581.083862   -0.015339  2000224267          -1      179674       87018       50542          -1          -1           1      131280           0           0           0           0           0
p 059           1 0 -1784413883        6435           8           0    1.000000   -0.006185    0.038208    0.159675    0.986411  722.606506  577.091492    6.142741  2000224267           0          77           1  1386953767          17        6435          -1          -1           0           0           0           0           0
p 059           1 0 -1784348425        6434          10           0    1.000000    0.000000    0.000000    0.000000    1.000000  747.587036  585.396606    4.100631  2000224267           0          77           1  1386953767          17        6434          -1          -1           0           0           0           0           0
p 059           1 0 -1784282811        6435           8           0    1.000000   -0.006185    0.038208    0.159675    0.986411  722.606506  577.091492    6.142741  2000224267           0          77           1 -2013977798          17        6435          -1          -1           0           0           0           0           0
p 059           1 0 -1784217295        6434          10           0    1.000000    0.000000    0.000000    0.000000    1.000000  747.587036  585.396606    4.100631  2000224267           0          77           1 -2013977798          17        6434          -1          -1           0           0           0           0           0
p 052  2000224267           0           3           3      154588          -1          -1          -1          -1          -1           0          -1          -1           0      211710          -1      179674       87018       50542          -1           3          -1           0          -1          63          96          96  118.946266  120.069214    1.199135  121.053749  122.454468   51.199142  118.946266  120.069214    1.199135  121.053749  122.454468   51.199142        3163           0           0           0           0  2028011917       33066    0.000000    0.000000    0.000000    1.000000  720.000000  720.000000    0.000000          -1          -1
p 068  2028011917       33066    0.000000    0.000000    0.000000    1.000000  720.000000  720.000000    0.000000  2000224267           4
p 059           1 0 -1782382271        6435           8           0    1.000000   -0.021342    0.117054    0.178097    0.976793  739.638000  582.398010    6.166848  2000224267           0      179674           1  1386953767          17        6435          -1          -1           0           0           0           0           0
p 059           1 0 -1782316752        4365           8           0    1.000000   -0.108394   -0.023824    0.970653   -0.213345  745.882629  585.654602    6.576072  2000224267           0      179674           1  1386953767          17        4365          -1          -1           0           0           0           0           0
p 059           1 0 -1782185751        6434          10           0    1.000000    0.000000    0.000000    0.000000    1.000000  747.614746  585.406860    4.087614  2000224267           0      179674           1  1386953767          17        6434          -1          -1           0           0           0           0           0
p 059           1 0 -1782251279      209200           8           0    1.000000    0.000000    0.000000    0.000000    1.000000  747.590942  585.397827    0.500001  2000224267           0      179674           1  1386953767           2   126259832          -1          -1           1           0           0           0           0
p 059           1 0 -1784741597        3949           0           0    1.000000    0.000000    0.000000    0.000000    1.000000  829.654602  648.589478    0.218170  2000224267           0      179674           1  1386953767          -1          -1           1        3949           0           0           1           1           0
p 052  2000224267           0           3           3      154588          -1          -1          -1          -1          -1           0          -1          -1           0      211710          -1      179674       87018       50542          -1           3          -1           0          -1          63          96          96  118.946266  120.069214    1.199135  121.053749  122.454468   51.199142  118.946266  120.069214    1.199135  121.053749  122.454468   51.199142        3163           0           0           0           0  2028011917       33066    0.000000    0.000000    0.000000    1.000000  720.000000  720.000000    0.000000          -1          -1
p 068  2028011917       33066    0.000000    0.000000    0.000000    1.000000  720.000000  720.000000    0.000000  2000224267           4
p 052  2000224267           0           2           3      154588          -1          -1          -1          -1          -1           0          -1          -1           0      211710          -1      179674       87018       50542          -1           0          -1           0          -1          63          96          96  115.259308  118.259445    1.199135  127.366791  121.740570   51.199142  115.259308  118.259445    1.199135  127.366791  121.740570   51.199142        2111           0           0           0           0  2027815306       33091    0.000000    0.000000    0.000000    1.000000  480.000000  720.000000    0.000000          -1          -1
p 068  2027815306       33091    0.000000    0.000000    0.000000    1.000000  480.000000  720.000000    0.000000  2000224267           4
p 059           1 0 -1781661438        5758          24           0    1.000000    0.000000    0.000000    0.000000    1.000000  825.359070  733.002930   -0.126663  2000224267          -1      179674       87018       50542          -1          -1           1        5758           0           0           0           0           0
p 059           1 0 -1781006103        5393           8           0    1.350000    0.000000    0.000000    0.000000    1.000000  818.750000  696.250000   -0.549896  2000224267           0          77           1  1386953767          -1          -1           1        5393           0           0           0           0           0
p 059           1 0 -1780940496        5393           8           0    1.350000    0.000000    0.000000    0.000000    1.000000  814.750427  695.142761   -0.549896  2000224267       30582          81           0           0          -1          -1           1        5393           0           0           0           0           0
p 059           1 0 -1780874998        5393           8           0    1.350000    0.000000    0.000000    0.000000    1.000000  819.350281  693.903564   -0.549895  2000224267           0          81           0           0          -1          -1           1        5393           0           0           0           0           0
p 059           1 0 -1780809487        5393           8           0    1.350000    0.000000    0.000000    0.000000    1.000000  818.321716  697.924072   -0.549896  2000224267           0          81           1  1386953767          -1          -1           1        5393           0           0           0           0           0
p 052  2000224267           0           1           3      154588          -1          -1          -1          -1          -1           0          -1          -1           0      211710          -1      179674       87018       50542          -1           7          -1           0          -1          63          96          96  120.000008  120.000008  -19.888756  120.000008  120.000008   25.429258  120.000008  120.000008  -19.888756  120.000008  120.000008   25.429258           0           0           0           0           4  2028274065       33060    0.000000    0.000000    0.000000    1.000000  240.000000  720.000000    0.000000          -1          -1
p 068  2028274065       33060    0.000000    0.000000    0.000000    1.000000  240.000000  720.000000    0.000000  2000224267           4
p 059           1 0 -1780743864      172780           8           0    1.000000    0.000000    0.000000   -0.578926    0.815380  751.000000  805.500000   -0.005981  2000224267          -1      179674       87018       50542          -1          -1           1      172780           0           0           0           0           0
p 059           1 0 -1780678338        3948          24           0    1.000000    0.000000    0.000000    0.000000    1.000000  842.770874  791.055237   -4.941225  2000224267           0          77   981663744           0          -1          -1           1        3948           0           0           1           1           0
p 059           1 0 -1780612804        5393           8           0    1.350000    0.000000    0.000000    0.000000    1.000000  822.469604  698.056763   -0.549896  2000224267           0          77   981663744           0          -1          -1           1        5393           0           0           0           0           0
p 059           1 0 -1780547346        5393           8           0    1.350000    0.000000    0.000000    0.000000    1.000000  815.823059  701.237549   -0.549895  2000224267       30582          81           0           0          -1          -1           1        5393           0           0           0           0           0
p 059           1 0 -1781858040      131280           0           0    1.250000    0.000000    0.000000    0.715760    0.698347  871.906860  770.350647   -4.790524  2000224267           0          81           0           0          -1          -1           1      131280           0           0           0           0           0
p 059           1 0 -1780481814        4156           8           0    0.500000    0.000000    0.000000    0.066610    0.997779  840.934448  807.270447    0.149386  2000224267           0          77  1096343552           0          -1          -1           1        4156           0           0           0           0           0
p 059           1 0 -1780416333        5758          24           0    1.000000    0.000000    0.000000    0.000000    1.000000  714.184631  818.613464    0.022057  2000224267           0          77  1087225856           0          -1          -1           1        5758           0           0           0           0           0
p 059           1 0 -1780350802        4156           8           0    0.500000    0.000000    0.000000    0.650023    0.759915  846.989441  811.059692    0.232113  2000224267           0          77   981663744           0          -1          -1           1        4156           0           0           0           0           0
p 059           1 0 -1780285328        4156           8           0    0.500000    0.000000    0.000000    0.965399    0.260777  842.979858  808.612854    0.232113  2000224267           0          77  1094893568           0          -1          -1           1        4156           0           0           0           0           0
p 059           1 0 -1780219797        4156           8           0    0.500000    0.000000    0.000000    0.032403   -0.999475  840.197449  814.282837   -0.371484  2000224267           0          77  1093517312           0          -1          -1           1        4156           0           0           0           0           0
p 059           1 0 -1780154274        4156           8           0    0.500000    0.000000    0.000000    0.823754   -0.566947  835.369080  815.446838   -1.150081  2000224267           0          77  1089101824           0          -1          -1           1        4156           0           0           0           0           0
p 059           1 0 -1780088741        5822           8           0    1.000000    0.000000    0.000000    0.720336   -0.693625  793.500000  841.000000    0.007324  2000224267           0          77  1092288512           0          -1          -1           1        5822           0           0           0           0           0
p 059           1 0 -1780023122        4156           8           0    0.500000    0.000000    0.000000    0.800315    0.599580  840.766296  818.791992   -0.360162  2000224267           0          77           1  1386953767          -1          -1           1        4156           0           0           0           0           0
p 059           1 0 -1779957682        4156           8           0    0.500000    0.000000    0.000000    0.798438    0.602078  846.573608  812.513367    0.232113  2000224267           0          77  1090740224           0          -1          -1           1        4156           0           0           0           0           0
p 059           1 0 -1781792506      131280           0           0    1.250000    0.000000    0.000000    0.765932   -0.642922  889.388672  756.154358   -4.790524  2000224267           0          77  1094893568           0          -1          -1           1      131280           0           0           0           0           0
p 059           1 0 -1781923529      131280           0           0    1.250000    0.000000    0.000000    0.994564   -0.104132  891.111938  769.041748   -4.790524  2000224267           0          77  1094017024           0          -1          -1           1      131280           0           0           0           0           0
p 059           1 0 -1779892154      176077           8           0    1.000000    0.000000    0.000000    0.946098   -0.323881  859.000000  822.000000    0.032959  2000224267           0          77  1094918144           0          -1          -1           1      176077           0           0           0           0           0
p 059           1 0 -1779826623        3949           8           0    1.000000    0.000000    0.000000   -0.584136    0.811656  880.234558  786.367249   -4.543644  2000224267           0          77   981663744           0          -1          -1           1        3949           0           0           1           1           0
p 059           1 0 -1779761095        6646           8           0    1.350000    0.000000    0.000000    0.481988    0.876178  907.904724  789.150940   -4.790524  2000224267           0          77   981663744           0          -1          -1           1        6646           0           0           0           0           0
p 059           1 0 -1779695565        3949           8           0    1.000000    0.000000    0.000000    0.000000    1.000000  843.339783  850.986084   -4.731720  2000224267           0          77  1095196672           0          -1          -1           1        3949           0           0           1           1           0
p 059           1 0 -1779630034       54467           8           0    1.000000    0.000000    0.000000    0.475430    0.879754  804.000000  868.000000    0.031006  2000224267           0          77   981663744           0          -1          -1           1       54467           0           0           0           0           0
p 059           1 0 -1779564525        4402          26           0    1.000000    0.000000    0.000000    0.400117    0.916464  836.277222  804.143250    0.100008  2000224267           0          77           1  1386953767          17        4402          -1          -1           0           0           0           0           0
p 059           1 0 -1779498994      209200           8           0    1.000000    0.000000    0.000000    0.000000    1.000000  837.728455  804.377136    0.200008  2000224267           0          77           1  1386953767           2   126259832          -1          -1           1           0           0           0           0
p 059           1 0 -1779433469        4267           8           0    1.700000    0.000000    0.000000    0.000000    1.000000  831.843994  811.077515    0.500008  2000224267           0          77           1  1386953767           2 -1962741247          -1          -1           1           0           0           0           0
p 059           1 0 -1779367917      187359          26           0    1.000000    0.000000    0.000000    0.816609   -0.577191  835.980896  807.948792    0.100008  2000224267           0         277           1  1386953767          -1          -1           1      187359           0           0           0           0           0
p 059           1 0 -1779302386      209200           8           0    1.000000    0.000000    0.000000    0.000000    1.000000  836.217224  802.133057    0.500008  2000224267           0         277           1  1386953767           2   126259832          -1          -1           1           0           0           0           0
p 059           1 0 -1779236770        6646           8           0    1.350000    0.000000    0.000000    0.707107    0.707107  915.989685  782.705750   -4.790524  2000224267           0         277           1 -2013977798          -1          -1           1        6646           0           0           0           0           0
p 059           1 0 -1779171271        6646           8           0    1.350000    0.000000    0.000000    0.807491   -0.589880  913.316528  784.516907   -4.790524  2000224267           0          77  1094451200           0          -1          -1           1        6646           0           0           0           0           0
p 059           1 0 -1779105474        6646           8           0    1.350000    0.000000    0.000000    0.000000    1.000000  914.477173  774.338806   -4.790524  2000224267           0          77  1094934528           0          -1          -1           1        6646           0           0           0           0           0
p 059           1 0 -1779040237        6646           8           0    1.350000    0.000000    0.000000    0.851530    0.524305  914.834839  786.066345   -4.790524  2000224267           0          77  1096835072           0          -1          -1           1        6646           0           0           0           0           0
p 052  2000224267           0           4           3      154588          -1          -1          -1          -1          -1           0          -1          -1           0      211710          -1      179674       87018       50542          -1          12          -1           0          -1          63          96          96  120.000008  120.000008  -19.888756  120.000008  120.000008   25.429258  120.000008  120.000008  -19.888756  120.000008  120.000008   25.429258           0           0           0           0           4  2028601750       33060    0.000000    0.000000    0.000000    1.000000  960.000000  720.000000    0.000000          -1          -1
p 068  2028601750       33060    0.000000    0.000000    0.000000    1.000000  960.000000  720.000000    0.000000  2000224267           4
p 059           1 0 -1782120123      131278           0           0    1.100000    0.000000    0.000000    0.999448    0.033215  905.406555  818.454529   -5.186212  2000224267           0      179674       87018       50542          -1          -1           1      131278           0           0           0           0           0
p 059           1 0 -1780809487        5393           0           0    1.350000    0.000000    0.000000    0.913516   -0.406803  811.818176  689.726196   -0.325503  2000224267           0          77  1101504512           0          -1          -1           1        5393           0           0           0           0           0
p 059           1 0 -1778908873      187359          26           0    1.000000    0.000000    0.000000    0.946699    0.322119  880.153625  770.098755   -5.019391  2000224267           0          77           1  1386953767          -1          -1           1      187359           0           0           0           0           0
p 059           1 0 -1778843384      187359          26           0    1.000000    0.000000    0.000000    0.971723    0.236122  885.879211  771.774536   -4.790524  2000224267           0          77           1  1386953767          -1          -1           1      187359           0           0           0           0           0
p 059           1 0 -1778974642        4440           8           0    2.000000    0.000000    0.000000    0.000000    1.000000  880.153625  770.098755   -5.133507  2000224267           0          77           1  1386953767           2  1646417620          -1          -1           1           0           0           0           0
p 059           1 0 -1778778000      209200           8           0    1.000000    0.000000    0.000000    0.000000    1.000000  881.104553  761.370056   -4.390524  2000224267           0         277           1 -1216535162           2   126259832          -1          -1           1           0           0           0           0
p 059           1 0 -1778712511        4267           8           0    1.700000    0.000000    0.000000    0.000000    1.000000  892.712708  776.372620   -4.390524  2000224267           0         277           1  1386953767           2 -1962741247          -1          -1           1           0           0           0           0
p 059           1 0 -1778646946      187359          26           0    1.000000    0.000000    0.000000    0.016856    0.999858  915.982422  782.807739   -4.790524  2000224267           0         277           1 -2013977798          -1          -1           1      187359           0           0           0           0           0
p 059           1 0 -1778581485      187359          26           0    1.000000    0.000000    0.000000    0.620693   -0.784054  907.376526  785.158752   -4.790524  2000224267           0         277           1 -2013977798          -1          -1           1      187359           0           0           0           0           0
p 059           1 0 -1781989063      131278           0           0    1.100000    0.000000    0.000000    0.707107   -0.707107  916.045593  832.627625   -4.790524  2000224267           0         277           1  1386953767          -1          -1           1      131278           0           0           0           0           0
p 059           1 0 -1782120123      131278           0           0    1.100000    0.000000    0.000000    0.010338   -0.999947  916.020996  829.485779   -4.790523  2000224267           0          77  1097056256           0          -1          -1           1      131278           0           0           0           0           0
p 059           1 0 -1778515903        3949           8           0    1.000000    0.000000    0.000000   -0.766219    0.642579  878.851563  854.101807   -4.645500  2000224267           0          77  1101504512           0          -1          -1           1        3949           0           0           1           1           0
p 059           1 0 -1782054589      131278           0           0    1.100000    0.000000    0.000000    0.180755   -0.983528  916.004333  845.305908   -4.790524  2000224267           0          77   981663744           0          -1          -1           1      131278           0           0           0           0           0
p 052  2000224267           0           4           2      154588          -1          -1          -1          -1          -1           0          -1          -1           0      211710          -1      179674       87018       50542          -1          13          -1           0          -1          63          96          96  120.000008  120.000008  -19.888756  120.000008  120.000008   25.429258  120.000008  120.000008  -19.888756  120.000008  120.000008   25.429258           0           0           0           0           4  2028667287       33060    0.000000    0.000000    0.000000    1.000000  960.000000  480.000000    0.000000          -1          -1
p 068  2028667287       33060    0.000000    0.000000    0.000000    1.000000  960.000000  480.000000    0.000000  2000224267           4
p 059           1 0 -1779695565        3949           0           0    1.000000    0.000000    0.000000    0.000000    1.000000  843.339783  850.986084   -4.731720  2000224267           0      179674       87018       50542          -1          -1           1        3949           0           0           1           1           0
p 059           1 0 -1780088741        5822           0           0    1.000000    0.000000    0.000000    0.720336   -0.693625  793.500000  841.000000    0.007324  2000224267           0          77   981663744           0          -1          -1           1        5822           0           0           0           0           0
p 059           1 0 -1780416333        5758          16           0    1.000000    0.000000    0.000000    0.000000    1.000000  714.184631  818.613464    0.022057  2000224267           0          77   981663744           0          -1          -1           1        5758           0           0           0           0           0
p 059           1 0 -1779630034       54467           0           0    1.000000    0.000000    0.000000    0.475430    0.879754  804.000000  868.000000    0.031006  2000224267           0          77           1  1386953767          -1          -1           1       54467           0           0           0           0           0
p 059           1 0 -1778450116      187359          26           0    1.000000    0.000000    0.000000    0.858733   -0.512424  913.953003  835.024109   -4.790523  2000224267           0          77           1  1386953767          -1          -1           1      187359           0           0           0           0           0
p 059           1 0 -1778384592      209200           8           0    1.000000    0.000000    0.000000    0.000000    1.000000  910.325806  819.821167   -4.690524  2000224267           0          77           1  1386953767           2   126259832          -1          -1           1           0           0           0           0
p 059           1 0 -1778319056      209200           8           0    1.000000    0.000000    0.000000    0.000000    1.000000  910.644531  822.848694   -4.690524  2000224267           0          77           1 -2013977798           2   126259832          -1          -1           1           0           0           0           0
p 059           1 0 -1778253520        4402          26           0    1.000000    0.000000    0.000000    0.659821    0.751423  905.813171  823.500671   -4.790523  2000224267           0          77           1  1386953767          17        4402          -1          -1           0           0           0           0           0
p 052  2000224267           0           2           2      154588          -1          -1          -1          -1          -1           0          -1          -1           0      211710          -1      179674       87018       50542          -1           1          -1           0          -1          63          96          96  117.918091  122.916077   11.831760  124.708008  122.916077   61.831768  117.918091  122.916077   11.831760  124.708008  122.916077   61.831768        3138           0           0           0           0  2027880843       33073    0.000000    0.000000    0.000000    1.000000  480.000000  480.000000    0.000000          -1          -1
p 068  2027880843       33073    0.000000    0.000000    0.000000    1.000000  480.000000  480.000000    0.000000  2000224267           4
p 059           1 0 -1781661438        5758          16           0    1.000000    0.000000    0.000000    0.000000    1.000000  825.359070  733.002930   -0.126663  2000224267           0      179674           1  1386953767          -1          -1           1        5758           0           0           0           0           0
p 059           1 0 -1780743864      172780           0           0    1.000000    0.000000    0.000000   -0.578926    0.815380  751.000000  805.500000   -0.005981  2000224267           0          77   981663744           0          -1          -1           1      172780           0           0           0           0           0
p 052  2000224267           0           1           3      154588          -1          -1          -1          -1          -1           0          -1          -1           0      211710          -1      179674       87018       50542          -1           7          -1           0          -1          63          96          96  120.000008  120.000008  -19.888756  120.000008  120.000008   25.429258  120.000008  120.000008  -19.888756  120.000008  120.000008   25.429258           0           0           0           0           4  2028274065       33060    0.000000    0.000000    0.000000    1.000000  240.000000  720.000000    0.000000          -1          -1
p 068  2028274065       33060    0.000000    0.000000    0.000000    1.000000  240.000000  720.000000    0.000000  2000224267           4
p 052  2000224267           0           3           1      154588          -1          -1          -1          -1          -1           0          -1          -1           0      211710          -1      179674       87018       50542          -1          10          -1           0          -1          63          96          96  120.000008  120.000008  -19.888756  120.000008  120.000008   25.429258  120.000008  120.000008  -19.888756  120.000008  120.000008   25.429258           0           0           0           0           4  2028470676       33060    0.000000    0.000000    0.000000    1.000000  720.000000  240.000000    0.000000          -1          -1
p 068  2028470676       33060    0.000000    0.000000    0.000000    1.000000  720.000000  240.000000    0.000000  2000224267           4
p 059           1 0 -1780416333        5758          16           0    1.000000    0.000000    0.000000    0.000000    1.000000  714.184631  818.613464    0.022057  2000224267           0      179674       87018       50542          -1          -1           1        5758           0           0           0           0           0
p 052  2000224267           0           3           4      154588          -1          -1          -1       71150          14       72712       60600          15       60601      211710          -1      179674       87018       50542          -1           6          -1           0          -1          63          96          96  104.088303  119.999985    1.199135  135.911713  120.000031   51.199142  104.088303  119.999985    1.199135  135.911713  120.000031   51.199142           0           0           0           0           0  2028208528       84787    0.000000    0.000000    0.000000    1.000000  720.000000  960.000000    0.000000          -1          -1
p 068  2028208528       84787    0.000000    0.000000    0.000000    1.000000  720.000000  960.000000    0.000000  2000224267           4
p 059           1 0 -1777663888        5758          24           0    1.000000    0.000000    0.000000    0.000000    1.000000  825.665405  952.999939    0.006157  2000224267           0      179674           1  1386953767          -1          -1           1        5758           0           0           0           0           0
p 059           1 0 -1778056909      205774          16           0    1.000000    0.000000    0.000000    0.000000    1.000000  809.196533  980.140137    0.274002  2000224267           0          77           1  1386953767          -1          -1           1      205774           0           0           0           0           0
p 052  2000224267           0           2           4      154588          -1          -1          -1          -1          -1           0          -1          -1           0      211710          -1      179674       87018       50542          -1           9          -1           0          -1          63          96          96  120.000008  120.000008  -19.888756  120.000008  120.000008   25.429258  120.000008  120.000008  -19.888756  120.000008  120.000008   25.429258           0           0           0           0           4  2028405139       33060    0.000000    0.000000    0.000000    1.000000  480.000000  960.000000    0.000000          -1          -1
p 068  2028405139       33060    0.000000    0.000000    0.000000    1.000000  480.000000  960.000000    0.000000  2000224267           4
p 059           1 0 -1777860384        3949           0           0    0.800000    0.000000    0.000000    0.000000    1.000000  779.648804 1008.182617   10.199404  2000224267           0      179674           1 -2013977798          -1          -1           1        3949           0           0           1           1           0
p 059           1 0 -1778122433      172780           0           0    1.000000    0.000000    0.000000    0.558393    0.829577  791.500000 1015.000000   -0.006409  2000224267           0          77   981663744           0          -1          -1           1      172780           0           0           0           0           0
p 059           1 0 -1777598231      205775          24           0    1.000000    0.000000    0.000000    0.000000    1.000000  809.196533  980.140137    0.274002  2000224267           0          77   981663744           0          -1          -1           1      205775           0           0           0           0           0
p 059           1 0 -1777925848        3949           0           0    0.800000    0.000000    0.000000    0.949321   -0.314307  760.040527 1035.112305    0.607891  2000224267           0          77           1  1386953767          -1          -1           1        3949           0           0           1           1           0
p 059           1 0 -1777729232      176002          16           0    1.025107    0.000000    0.000000    0.000000    1.000000  752.651001 1045.083740    0.552986  2000224267           0          77   981663744           0          -1          -1           1      176002           0           0           1           1           0
p 052  2000224267           0           1           4      154588          -1          -1          -1          -1          -1           0          -1          -1           0      211710          -1      179674       87018       50542          -1           8          -1           0          -1          63          96          96  120.000008  120.000008  -19.888756  120.000008  120.000008   25.429258  120.000008  120.000008  -19.888756  120.000008  120.000008   25.429258           0           0           0           0           4  2028339602       33060    0.000000    0.000000    0.000000    1.000000  240.000000  960.000000    0.000000          -1          -1
p 068  2028339602       33060    0.000000    0.000000    0.000000    1.000000  240.000000  960.000000    0.000000  2000224267           4
p 059           1 0 -1777794852        4067          16           0    1.000000    0.000000    0.000000    0.000000    1.000000  758.000000 1044.500000    0.793167  2000224267          -1      179674       87018       50542          -1          -1           1        4067           0           0           1           1           0
p 059           1 0 -1777991383        3949           0           0    0.800000    0.000000    0.000000    0.000000    1.000000  759.206787 1054.566650    0.274002  2000224267          -1          77   981663744           0          -1          -1           1        3949           0           0           1           1           0
p 059           1 0 -1777532914        6651           8           0    1.350000    0.000000    0.000000    0.000000    1.000000  809.196533  980.140137    0.274002  2000224267           0          77           1  1386953767          -1          -1           1        6651           0           0           0           0           0
p 059           1 0 -1777467060      205782           8           0    1.000000    0.000000    0.000000    0.000000    1.000000  809.196533  980.140137    0.274002  2000224267       30582          81           0           0          -1          -1           1      205782           0           0           0           0           0
p 059           1 0 -1777401549        6435           8           0    1.000000   -0.188772   -0.047720    0.950947   -0.240390  796.075256 1017.471069    6.142746  2000224267       30582          81           0           0          17        6435          -1          -1           0           0           0           0           0
p 059           1 0 -1777204923        6434          10           0    1.000000    0.000000    0.000000    0.000000    1.000000  791.104248 1014.786255    3.621764  2000224267           0          81           1  1386953767          17        6434          -1          -1           0           0           0           0           0
p 059           1 0 -1780088741        5822           0           0    1.000000    0.000000    0.000000    0.720336   -0.693625  793.500000  841.000000    0.007324  2000224267           0          81           1  1386953767          -1          -1           1        5822           0           0           0           0           0
p 059           1 0 -1777336087      209200           8           0    1.000000    0.000000    0.000000    0.000000    1.000000  791.500000 1015.000000    0.500000  2000224267           0          77   981663744           0           2   126259832          -1          -1           1           0           0           0           0
p 059           1 0 -1777270706        4313           8           0    1.000000    0.000000    0.000000    0.000000    1.000000  793.096924 1021.145935    0.200000  2000224267           0          77   981663744           0           2   126259833          -1          -1           1           0           0           0           0
