v 1
# ENTER WORLD  2000289804 (sno:       60600) at  158.750000   76.250000    0.100000
s  158.750000   76.250000    0.100000
p 055  2000289804       60600
p 051  158.750000   76.250000    0.100000  2000289804       60600
p 052  2000289804           0           0           0       60601          -1          -1          -1       71150           0          -1          -1           0          -1      132833          -1      179674       87018       50542       60600           0           0           0          -1          63          96          96   88.750015  120.000000    1.241699  151.250000  120.000015   51.241707   88.750015  120.000000    1.241699  151.250000  120.000015   51.241707           0           0           0           0           0  2029060509       62985    0.000000    0.000000    0.000000    1.000000    0.000000    0.000000    0.000000          -1          -1
p 068  2029060509       62985    0.000000    0.000000    0.000000    1.000000    0.000000    0.000000    0.000000  2000289804           4
p 059           1 0 -1777073857        5853           8           0    1.014655    0.000000    0.000000    0.836979   -0.547234   38.000000  121.000000    0.016052  2000289804          -1      179674       87018       50542          -1          -1           1        5853           0           0           0           0           0
p 059           1 0 -1777008333        5853           8           0    1.035494    0.000000    0.000000    0.191528    0.981487  130.500000  138.500000    0.013184  2000289804          -1          77   981663744           0          -1          -1           1        5853           0           0           0           0           0
p 059           1 0 -1776877245        5853           8           0    1.010902    0.000000    0.000000    0.138364   -0.990381  139.350098  135.744202    0.200409  2000289804          -1          77   981663744           0          -1          -1           1        5853           0           0           0           0           0
p 059           1 0 -1776680719        5852           8           0    1.033535    0.000000    0.000000    0.601066   -0.799200  147.000000  121.500000    0.027222  2000289804          -1          77   981663744           0          -1          -1           1        5852           0           0           0           0           0
p 059           1 0 -1776549869        5854           8           0    1.037418    0.000000    0.000000    0.161507    0.986872  165.500000   72.000000    0.004150  2000289804          -1          77   981663744           0          -1          -1           1        5854           0           0           0           0           0
p 059           1 0 -1776484258        5853           8           0    1.048157    0.000000    0.000000    0.722421    0.691453   91.500000  122.000000    0.002686  2000289804          -1          77   981663744           0          -1          -1           1        5853           0           0           0           0           0
p 059           1 0 -1776352962       63784           8           0    0.920000    0.000000    0.000034    0.000000    1.000000  118.669998  150.059998    0.000000  2000289804          -1          77   981663744           0          -1          -1           1       63784           0           0           1           1           0
p 059           1 0 -1776221944        3949           8           0    1.000000    0.000000    0.000000   -0.415164    0.909747  150.066650   69.345154    0.220982  2000289804          -1         333           1           0          -1          -1           1        3949           0           0           1           1           0
p 059           1 0 -1776156361        3949           8           0    1.000000    0.000000    0.000000   -0.754689    0.656083  164.468750   69.614380    0.171108  2000289804          -1          77   981663744           0          -1          -1           1        3949           0           0           1           1           0
p 059           1 0 -1776090874         357           8           0    1.000000    0.000000    0.000000    0.937368   -0.348341   70.357056  119.769043    0.165882  2000289804          -1          77   981663744           0          -1          -1           1         357           0           0           1           1           0
p 059           1 0 -1776025597        3795          24           0    1.000000    0.000000    0.000000    0.000000    1.000000  157.500000   85.000000   -1.443329  2000289804          -1          77   981663744           0          -1          -1           1        3795           0           0           1           1           0
p 059           1 0 -1775959890        5502           8           0    1.000000    0.000166   -0.000019    0.700025    0.714119  157.499954   73.233299    0.401703  2000289804          -1          77   981663744           0          -1          -1           1        5502           0           0           1           1           0
p 059           1 0 -1775369935      176002          24           0    1.000000    0.000000    0.000000    0.697392    0.716690  157.283691   63.040405    0.366982  2000289804          -1          77   981663744           0          -1          -1           1      176002           0           0           1           1           0
p 059           1 0 -1775238882      103772          24           0    1.000000    0.000000    0.000000    0.472166    0.881510  157.484741  108.195427    0.378445  2000289804          -1          81           0           0          -1          -1           1      103772           0           0           1           1           0
p 059           1 0 -1775632242        4675          16           0    1.000000    0.000000    0.000000    0.000000    1.000000   97.129105  139.122711    4.770187  2000289804           0          -1           1  1386953767          -1          -1           1        4675           0           0           1           1           0
p 059           1 0 -1775501204        4675          16           0    1.000000    0.000000    0.000000    0.000000    1.000000  109.538193  153.563522    4.770180  2000289804          -1           2           0        6526          -1          -1           1        4675           0           0           1           1           0
p 059           1 0 -1776942791        5852           0           0    1.066496    0.000000    0.000000    0.736935    0.675964  163.500000  163.500000    0.038086  2000289804          -1          67           0        6526          -1          -1           1        5852           0           0           0           0           0
p 059           1 0 -1776615186        5852           0           0    1.007112    0.000000    0.000000    0.439622    0.898183   28.882446  136.670044    0.195755  2000289804           0          77           1  1386953767          -1          -1           1        5852           0           0           0           0           0
p 059           1 0 -1775435684        4675          16           0    1.000000    0.000000    0.000000    0.000000    1.000000   49.000000  151.000000    0.559387  2000289804           0          77   981663744           0          -1          -1           1        4675           0           0           1           1           0
p 059           1 0 -1775697757      103772          16           0    1.000000    0.000000    0.000000    0.000000    1.000000   46.916458  152.244141    4.770180  2000289804           0          67           0           0          -1          -1           1      103772           0           0           1           1           0
p 059           1 0 -1775763262        5991          16           0    1.000000    0.000000    0.000000    0.000000    1.000000   51.000000  150.000000    0.559448  2000289804       62731         560           1           1          -1          -1           1        5991           0           0           1           1           0
p 059           1 0 -1776287510      116099           0           0    0.700000    0.000000    0.000000   -0.721177    0.692751   20.994360  150.773300   -0.577842  2000289804       62731          77   981663744           0          -1          -1           1      116099           0           0           1           1           0
p 059           1 0 -1775894421        5502           0           0    1.000000    0.000000    0.000000    0.000000    1.000000   29.731487  150.064941    0.485168  2000289804       62731          77   981663744           0          -1          -1           1        5502           0           0           1           1           0
p 059           1 0 -1775566732        4675          16           0    1.000000    0.000000    0.000000    0.000000    1.000000   97.889130  168.000519    4.770180  2000289804       62731          77   981663744           0          -1          -1           1        4675           0           0           1           1           0
p 059           1 0 -1775828671        4675          16           0    1.000000    0.000000    0.000000    0.000000    1.000000   26.597630  151.006119    0.663511  2000289804       62731          67           0           0          -1          -1           1        4675           0           0           1           1           0
p 059           1 0 -1776418759        5854           0           0    1.037691    0.000000    0.000000    0.604119   -0.796894   28.614258  160.914978    0.228058  2000289804       62731          67           0           0          -1          -1           1        5854           0           0           0           0           0
p 059           1 0 -1777139387        5854           0           0    1.028441    0.000000    0.000000    0.024950   -0.999689   97.500000  180.500000    0.132874  2000289804       62731          77   981663744           0          -1          -1           1        5854           0           0           0           0           0
p 059           1 0 -1776746230        5853           0           0    1.061449    0.000000    0.000000    0.646377   -0.763018  165.000000  188.000000    0.031860  2000289804       62731          77   981663744           0          -1          -1           1        5853           0           0           0           0           0
p 059           1 0 -1776811716        5854           0           0    1.046987    0.000000    0.000000    0.122665   -0.992448   37.000000  180.000000    0.017456  2000289804           0          77           1  1386953767          -1          -1           1        5854           0           0           0           0           0
p 059           1 0 -1777139387        5854           0           0    1.028441    0.000000    0.000000    0.024950   -0.999689   97.500000  180.500000    0.132874  2000289804           0          77           1  1386953767          -1          -1           1        5854           0           0           0           0           0
p 059           1 0 -1777008333        5853           0           0    1.035494    0.000000    0.000000    0.191528    0.981487  130.500000  138.500000    0.013184  2000289804           0          77   981663744           0          -1          -1           1        5853           0           0           0           0           0
p 059           1 0 -1776877245        5853           0           0    1.010902    0.000000    0.000000    0.138364   -0.990381  139.350098  135.744202    0.200409  2000289804           0          77   981663744           0          -1          -1           1        5853           0           0           0           0           0
p 059           1 0 -1775173438       76953           8           0    1.680000    0.000000    0.000000    0.000000    1.000000   26.597630  151.006119    0.663511  2000289804           0          77           1 -2013977798          -1       76953           1       76953           4           0           0           0           0
p 059           1 0 -1775304688      176002          16           0    1.108627    0.000000    0.000000    0.000000    1.000000   21.317871  150.295410    0.576710  2000289804           0          77  1129873408           0          -1          -1           1      176002           0           0           1           1           0
p 059           1 0 -1777008333        5853           0           0    1.035494    0.000000    0.000000    0.191528    0.981487  130.500000  138.500000    0.013184  2000289804           0          81           0           0          -1          -1           1        5853           0           0           0           0           0
p 059           1 0 -1775108039        4402          26           0    1.000000    0.000000    0.000000    0.994338   -0.106261   56.745274  157.524246    0.580466  2000289804           0          77           1  1386953767          17        4402          -1          -1           0           0           0           0           0
p 059           1 0 -1777008333        5853           0           0    1.035494    0.000000    0.000000    0.191528    0.981487  130.500000  138.500000    0.013184  2000289804           0          77           1  1386953767          -1          -1           1        5853           0           0           0           0           0
p 059           1 0 -1775042503       99567           8           0    0.250000    0.015766    0.003347    0.978075   -0.207630   62.665329  157.169388    5.300004  2000289804           0          77   981663744           0          17       99567          -1          -1           0           0           0           0           0
p 059           1 0 -1776877245        5853           0           0    1.010902    0.000000    0.000000    0.138364   -0.990381  139.350098  135.744202    0.200409  2000289804           0          77           1 -2013977798          -1          -1           1        5853           0           0           0           0           0
p 059           1 0 -1774976790       99574          26           0    1.000000    0.000000    0.000000    0.207663    0.978200   48.918022  151.057266    0.585169  2000289804           0          77   981663744           0          17       99574          -1          -1           0           0           0           0           0
p 059           1 0 -1774911254       99567           8           0    0.250000    0.018828    0.004942    0.967052   -0.253835   68.272057  161.969254    5.300001  2000289804           0          77           1  1386953767          17       99567          -1          -1           0           0           0           0           0
p 059           1 0 -1774845895       99574          26           0    1.000000    0.000000    0.000000    0.253879    0.967236   60.771786  157.740509    0.435394  2000289804           0          77           1  1386953767          17       99574          -1          -1           0           0           0           0           0
p 059           1 0 -1774780182       99567           8           0    0.250000    0.000000    0.000000    0.992138   -0.125147   74.795410  161.383133    5.300000  2000289804           0          77           1  1386953767          17       99567          -1          -1           0           0           0           0           0
p 059           1 0 -1774714823       99574          26           0    1.000000    0.000000    0.000000    0.125146    0.992138   64.526291  158.750580    0.100004  2000289804           0          77           1  1386953767          17       99574          -1          -1           0           0           0           0           0
p 059           1 0 -1774387006       99567           8           0    0.250000    0.009795    0.001516    0.988186   -0.152937   81.167931  157.891693    5.300001  2000289804           0          77           1  1386953767          17       99567          -1          -1           0           0           0           0           0
p 059           1 0 -1776680719        5852           0           0    1.033535    0.000000    0.000000    0.601066   -0.799200  147.000000  121.500000    0.027222  2000289804           0          77           1  1386953767          -1          -1           1        5852           0           0           0           0           0
p 059           1 0 -1774649012        3432           8           0    2.000000    0.000000    0.000000    0.000000    1.000000   64.526291  158.750580    0.500006  2000289804           0          77   981663744           0           2  2140880151          -1          -1           3           0           0           0           0
p 059           1 0 -1774452440        4267           8           0    1.700000    0.000000    0.000000    0.000000    1.000000   68.796570  153.813171    1.019588  2000289804           0          30  1084227584           0           2 -1962741247          -1          -1           1           0           0           0           0
p 059           1 0 -1774583504         497           8           0    1.350000    0.000000    0.000000    0.000000    1.000000   67.519592  161.171875    0.100002  2000289804           0         277           1           0           2   181031810          -1          -1           1           0           0           0           0
p 059           1 0 -1774517975      209200           8           0    1.000000    0.000000    0.000000    0.000000    1.000000   62.645744  155.391113    0.822324  2000289804           0         149  1065353216           1           2   126259832          -1          -1           1           0           0           0           0
p 059           1 0 -1774321607       99572          26           0    1.000000    0.009795    0.001516    0.988186   -0.152937   26.368797  140.513367    6.439813  2000289804           0         149           1  1386953767          17       99572          -1          -1           0           0           0           0           0
