v 1
# ENTER WORLD  2000355341 (sno:       92126) at  568.750000  533.750000    0.660584
s  568.750000  533.750000    0.660584
p 055  2000355341       92126
p 051  568.750000  533.750000    0.660584  2000355341       92126
p 052  2000355341           0           2           2      102362          -1          -1          -1       60600         171       60601          -1          -1          -1      132833          -1      179674       87018       50542       92126          13          13           0          -1          63          96          96  118.946266  120.000000    1.199139  121.053749  120.000015   51.199139  118.946266  120.000000    1.199139  121.053749  120.000015   51.199139           0           0           0           0           0  2029978027       61567    0.000000    0.000000    0.000000    1.000000  480.000000  480.000000    0.000000          -1          -1
p 068  2029978027       61567    0.000000    0.000000    0.000000    1.000000  480.000000  480.000000    0.000000  2000355341           4
p 052  2000355341           0           1           2      102362          -1          -1          -1          -1          -1          -1          -1          -1          -1      132833          -1      179674       87018       50542       92126           0           0           0          -1          63          96          96  120.259308  120.806732    1.199135  122.366791  121.716949   51.199142  120.259308  120.806732    1.199135  122.366791  121.716949   51.199142        3011           0           0           0           0  2029126046       61126    0.000000    0.000000    0.000000    1.000000  240.000000  480.000000    0.000000          -1          -1
p 068  2029126046       61126    0.000000    0.000000    0.000000    1.000000  240.000000  480.000000    0.000000  2000355341           4
p 052  2000355341           0           1           1      102362          -1          -1          -1          -1          -1          -1          -1          -1          -1      132833          -1      179674       87018       50542       92126           1           1           0          -1          63          96          96  119.730362  121.445137    1.199135  122.895737  121.445183   51.199142  119.730362  121.445137    1.199135  122.895737  121.445183   51.199142          95           0           0           0           0  2029191583       61403    0.000000    0.000000    0.000000    1.000000  240.000000  240.000000    0.000000          -1          -1
p 068  2029191583       61403    0.000000    0.000000    0.000000    1.000000  240.000000  240.000000    0.000000  2000355341           4
p 052  2000355341           0           2           1      102362          -1          -1          -1          -1          -1          -1          -1          -1          -1      132833          -1      179674       87018       50542       92126           2           2           0          -1          63          96          96  120.000008  120.000008  -19.888756  120.000008  120.000008   25.429258  120.000008  120.000008  -19.888756  120.000008  120.000008   25.429258           0           0           0           0           4  2029257120       33060    0.000000    0.000000    0.000000    1.000000  480.000000  240.000000    0.000000          -1          -1
p 068  2029257120       33060    0.000000    0.000000    0.000000    1.000000  480.000000  240.000000    0.000000  2000355341           4
p 052  2000355341           0           2           0      102362          -1          -1          -1          -1          -1          -1          -1          -1          -1      132833          -1      179674       87018       50542       92126           4           4           0          -1          63          96          96  120.000008  120.000008  -19.888756  120.000008  120.000008   25.429258  120.000008  120.000008  -19.888756  120.000008  120.000008   25.429258           0           0           0           0           4  2029388194       33060    0.000000    0.000000    0.000000    1.000000  480.000000    0.000000    0.000000          -1          -1
p 068  2029388194       33060    0.000000    0.000000    0.000000    1.000000  480.000000    0.000000    0.000000  2000355341           4
p 052  2000355341           0           0           2      102362          -1          -1          -1          -1          -1          -1          -1          -1          -1      132833          -1      179674       87018       50542       92126          12          12           0          -1          63          96          96  120.000008  120.000008  -19.888756  120.000008  120.000008   25.429258  120.000008  120.000008  -19.888756  120.000008  120.000008   25.429258           0           0           0           0           4  2029912490       33060    0.000000    0.000000    0.000000    1.000000    0.000000  480.000000    0.000000          -1          -1
p 068  2029912490       33060    0.000000    0.000000    0.000000    1.000000    0.000000  480.000000    0.000000  2000355341           4
p 059           1 0 -1774255831       81431           8           0    1.000000    0.000000    0.000000    0.719832   -0.694149  542.500000  580.500000    0.519592  2000355341          -1      179674       87018       50542          -1          -1           1       81431           0           0           0           0           0
p 059           1 0 -1774190535       81431           8           0    1.000000    0.000000    0.000000    0.688677    0.725069  522.000000  566.500000   -0.008423  2000355341          -1          77   981663744           0          -1          -1           1       81431           0           0           0           0           0
p 059           1 0 -1774124760      172780           8           0    1.000000    0.000000    0.000000    0.837100    0.547050  593.001221  540.999146    0.013794  2000355341          -1          77   981663744           0          -1          -1           1      172780           0           0           0           0           0
p 059           1 0 -1774059326       54467           8           0    1.000000    0.000000    0.000000    0.255465    0.966818  534.446960  551.016724   -0.000549  2000355341          -1          77   981663744           0          -1          -1           1       54467           0           0           0           0           0
p 059           1 0 -1773993750        5822           8           0    1.000000    0.000000    0.000000    0.000000    1.000000  564.500000  589.000000    0.031921  2000355341          -1          77   981663744           0          -1          -1           1        5822           0           0           0           0           0
p 059           1 0 -1773928224      138989           8           0    1.000000    0.000000    0.000000    0.689161   -0.724608  552.500000  589.500000   -0.003479  2000355341          -1          77   981663744           0          -1          -1           1      138989           0           0           0           0           0
p 059           1 0 -1773862692      180941          24           0    1.000000    0.000000    0.000000    0.000000    1.000000  565.751221  547.472351    0.933354  2000355341          -1          77   981663744           0          -1          -1           1      180941           0           0           1           1           0
p 059           1 0 -1773797048        5502           8           0    1.000000    0.000050    0.000050   -0.707107   -0.707107  565.131348  530.314331    0.763824  2000355341          -1          77   981663744           0          -1          -1           1        5502           0           0           1           1           0
p 059           1 0 -1773731581      176002          24           0    1.000000    0.000000    0.000000    0.700628    0.713527  565.179688  523.041992    1.102211  2000355341          -1          77   981663744           0          -1          -1           1      176002           0           0           1           1           0
p 059           1 0 -1773666046        3949           8           0    1.000000    0.000000    0.000000    0.951880   -0.306470  573.778137  530.136353    0.185215  2000355341          -1          81           0           0          -1          -1           1        3949           0           0           1           1           0
p 059           1 0 -1773600656        3949           8           0    1.000000    0.000000    0.000000    0.754050    0.656817  554.119019  530.034302    0.775772  2000355341          -1          77   981663744           0          -1          -1           1        3949           0           0           1           1           0
p 059           1 0 -1773535141        3795          24           0    1.000000    0.000000    0.000000    0.000000    1.000000  566.728271  539.735352    7.659359  2000355341          -1          77   981663744           0          -1          -1           1        3795           0           0           1           1           0
p 059           1 0 -1773404095       54467           0           0    1.000000    0.000000    0.000000    0.581634    0.813451  385.499756  525.500000    0.031738  2000355341           0          -1           1  1386953767          -1          -1           1       54467           0           0           0           0           0
p 059           1 0 -1772814066         357           0           0    1.000000    0.000000    0.000000    0.695939    0.718101  381.953491  563.281616   -4.991506  2000355341           0          77           1 -2013977798          -1          -1           1         357           0           0           1           1           0
p 059           1 0 -1772945131        3949           0           0    0.800000    0.000000    0.000000    0.000000    1.000000  393.817871  517.653442    1.501734  2000355341           0          77   981663744           0          -1          -1           1        3949           0           0           1           1           0
p 059           1 0 -1773273042      176076           0           0    1.000000    0.000000    0.000000    0.957815   -0.287385  418.500000  580.000000   -0.899353  2000355341           0          77   981663744           0          -1          -1           1      176076           0           0           0           0           0
p 059           1 0 -1773338573       57359           0           0    1.000000   -0.020229    0.014052    0.702092    0.711661  373.499512  565.999146   -5.899367  2000355341           0          77   981663744           0          -1          -1           1       57359           0           0           0           0           0
p 059           1 0 -1772748543         357           0           0    1.000000    0.000000    0.000000    0.997695   -0.067865  387.432495  593.222656   -4.967011  2000355341           0          77           1  1386953767          -1          -1           1         357           0           0           1           1           0
p 059           1 0 -1771699899        5393           8           0    1.350000    0.000000    0.000000    0.071123   -0.997468  421.190948  599.475586   -0.000000  2000355341           0          77   981663744           0          -1          -1           1        5393           0           0           0           0           0
p 059           1 0 -1771634365        5393           8           0    1.350000    0.000000    0.000000    0.937434   -0.348162  418.270630  591.709412   -0.000000  2000355341           0          77  1095614464           0          -1          -1           1        5393           0           0           0           0           0
p 059           1 0 -1771568831        5393           8           0    1.350000    0.000000    0.000000    0.981704    0.190412  416.394867  595.411316   -0.000000  2000355341           0          77  1096982528           0          -1          -1           1        5393           0           0           0           0           0
p 059           1 0 -1771699899        5393           0           0    1.350000    0.000000    0.000000    0.909888    0.414854  419.688507  601.205139    0.100000  2000355341           0          77  1098244096           0          -1          -1           1        5393           0           0           0           0           0
p 059           1 0 -1771503297        5393           8           0    1.350000    0.000000    0.000000    0.321091   -0.947048  405.525452  576.157593   -0.000000  2000355341           0          77  1095614464           0          -1          -1           1        5393           0           0           0           0           0
p 059           1 0 -1771437762        5393           8           0    1.350000    0.000000    0.000000    0.051986    0.998648  400.310211  576.433350    0.000000  2000355341           0          77  1090117632           0          -1          -1           1        5393           0           0           0           0           0
p 059           1 0 -1773404095       54467           0           0    1.000000    0.000000    0.000000    0.581634    0.813451  385.499756  525.500000    0.031738  2000355341           0          77  1093828608           0          -1          -1           1       54467           0           0           0           0           0
p 059           1 0 -1771372228        5393           8           0    1.350000    0.000000    0.000000    0.690171   -0.723647  396.250031  578.729004   -2.589118  2000355341           0          77   981663744           0          -1          -1           1        5393           0           0           0           0           0
p 059           1 0 -1772945131        3949           0           0    0.800000    0.000000    0.000000    0.000000    1.000000  393.817871  517.653442    1.501734  2000355341           0          77           1  1386953767          -1          -1           1        3949           0           0           1           1           0
p 059           1 0 -1773469626       54166           0           0    1.000000    0.000000    0.000000    0.273097    0.961987  326.499756  506.999756    0.217285  2000355341           0          77           1 -2013977798          -1          -1           1       54166           0           0           0           0           0
p 059           1 0 -1773207319         357           0           0    0.800000    0.000000    0.000000    0.000000    1.000000  256.328735  589.275879    0.019737  2000355341           0          77   981663744           0          -1          -1           1         357           0           0           1           1           0
p 059           1 0 -1773010653        3949           0           0    0.800000    0.000000    0.000000    0.135909    0.990721  253.890259  604.476196    0.001122  2000355341           0          77   981663744           0          -1          -1           1        3949           0           0           1           1           0
p 052  2000355341           0           0           1      102362          -1          -1          -1          -1          -1          -1          -1          -1          -1      132833          -1      179674       87018       50542       92126           3           3           0          -1          63          96          96  120.000008  120.000008  -19.888756  120.000008  120.000008   25.429258  120.000008  120.000008  -19.888756  120.000008  120.000008   25.429258           0           0           0           0           4  2029322657       33060    0.000000    0.000000    0.000000    1.000000    0.000000  240.000000    0.000000          -1          -1
p 068  2029322657       33060    0.000000    0.000000    0.000000    1.000000    0.000000  240.000000    0.000000  2000355341           4
p 052  2000355341           0           1           0      102362          -1          -1          -1          -1          -1          -1          -1          -1          -1      132833          -1      179674       87018       50542       92126           5           5           0          -1          63          96          96  120.000008  120.000008  -19.888756  120.000008  120.000008   25.429258  120.000008  120.000008  -19.888756  120.000008  120.000008   25.429258           0           0           0           0           4  2029453731       33060    0.000000    0.000000    0.000000    1.000000  240.000000    0.000000    0.000000          -1          -1
p 068  2029453731       33060    0.000000    0.000000    0.000000    1.000000  240.000000    0.000000    0.000000  2000355341           4
p 059           1 0 -1773141938         357           0           0    0.800000    0.000000    0.000000   -0.607516    0.794307  260.321655  574.708252    0.222252  2000355341           0      179674       87018       50542          -1          -1           1         357           0           0           1           1           0
p 059           1 0 -1772551947      159446           0           0    1.000000   -0.000285    0.000000   -0.000000    1.000000  250.487030  580.000000    0.222168  2000355341           0          77   981663744           0          -1          -1           1      159446           0           0           1           1           0
p 059           1 0 -1772683017        3949           0           0    1.000000    0.000000    0.000000    0.000000    1.000000  272.469482  545.170898   -4.559532  2000355341           0          77   981663744           0          -1          -1           1        3949           0           0           1           1           0
p 059           1 0 -1772617482        3949           0           0    1.000000    0.000000    0.000000    0.000000    1.000000  273.331299  613.622437   -4.720680  2000355341           0          77   981663744           0          -1          -1           1        3949           0           0           1           1           0
p 059           1 0 -1771306695        6435           8           0    1.000000   -0.222501   -0.009794    0.973940   -0.042869  416.427856  575.661865    5.321291  2000355341           0          77           1  1386953767          17        6435          -1          -1           0           0           0           0           0
p 059           1 0 -1771241161        6434          10           0    1.000000    0.000000    0.000000    0.000000    1.000000  411.849731  575.258057    2.932942  2000355341           0          77           1  1386953767          17        6434          -1          -1           0           0           0           0           0
p 059           1 0 -1771175623        6435           8           0    1.000000   -0.049002    0.003534    0.996206    0.071838  416.467590  576.519653    5.321291  2000355341           0          77           1  1386953767          17        6435          -1          -1           0           0           0           0           0
p 059           1 0 -1771110093        6434          10           0    1.000000    0.000000    0.000000    0.000000    1.000000  412.170471  576.218750    4.889475  2000355341           0          77           1  1386953767          17        6434          -1          -1           0           0           0           0           0
p 059           1 0 -1771044553        5393           8           0    1.350000    0.000000    0.000000    0.428264   -0.903654  303.852325  613.269226   -5.267106  2000355341           0          77           1  1386953767          -1          -1           1        5393           0           0           0           0           0
p 059           1 0 -1773076466        3949           0           0    0.800000    0.000000    0.000000    0.000000    1.000000  254.342285  554.973877    0.233253  2000355341           0          77  1098080256           0          -1          -1           1        3949           0           0           1           1           0
p 059           1 0 -1770979021        5393           8           0    1.350000    0.000000    0.000000    0.226731    0.973957  296.248169  618.524841   -5.267100  2000355341           0          77   981663744           0          -1          -1           1        5393           0           0           0           0           0
p 059           1 0 -1770913473        5387           8           0    1.700000    0.000000    0.000000    0.409771   -0.912188  299.094421  623.151672   -5.267106  2000355341           0          77  1093115904           0          -1          -1           1        5387           0           0           0           0           0
p 059           1 0 -1770847943        5387           8           0    1.700000    0.000000    0.000000    0.801666    0.597773  302.123688  619.351257   -5.267106  2000355341           0          77  1107574784           0          -1          -1           1        5387           0           0           0           0           0
p 059           1 0 -1770782415        5393           8           0    1.350000    0.000000    0.000000    0.883691    0.468071  287.795929  616.254700   -5.267106  2000355341           0          77  1105436672           0          -1          -1           1        5393           0           0           0           0           0
p 059           1 0 -1770716898        5393           8           0    1.350000    0.000000    0.000000    0.052772    0.998607  300.934875  613.613464   -5.746672  2000355341       30582          84  1096515584           0          -1          -1           1        5393           0           0           0           0           0
p 059           1 0 -1770585848        5393           8           0    1.350000    0.000000    0.000000    0.132783    0.991145  296.783203  614.409485   -5.746673  2000355341       30582          84  1098579968           0          -1          -1           1        5393           0           0           0           0           0
p 059           1 0 -1770454799        5393           8           0    1.350000    0.000000    0.000000    0.017094    0.999854  305.062866  615.205139   -5.267106  2000355341       30582          84  1096065024           0          -1          -1           1        5393           0           0           0           0           0
p 059           1 0 -1770389266        5393           8           0    1.350000    0.000000    0.000000    0.160126    0.987097  294.632294  623.771729   -5.267106  2000355341           0          84  1097162752           0          -1          -1           1        5393           0           0           0           0           0
p 059           1 0 -1772617482        3949           0           0    1.000000    0.000000    0.000000    0.000000    1.000000  273.331299  613.622437   -4.720680  2000355341           0          77  1092362240           0          -1          -1           1        3949           0           0           1           1           0
p 059           1 0 -1770520314        5393           0           0    1.350000    0.000000    0.000000    0.929029   -0.370007  294.319122  624.280579   -5.267106  2000355341           0          77   981663744           0          -1          -1           1        5393           0           0           0           0           0
p 059           1 0 -1773010653        3949           0           0    0.800000    0.000000    0.000000    0.135909    0.990721  253.890259  604.476196    0.001122  2000355341       30582          84  1092648960           0          -1          -1           1        3949           0           0           1           1           0
p 059           1 0 -1771044553        5393           0           0    1.350000    0.000000    0.000000    0.880259    0.474493  299.005829  619.291931   -5.167106  2000355341       30582          77   981663744           0          -1          -1           1        5393           0           0           0           0           0
p 059           1 0 -1770651382        5393           0           0    1.350000    0.000000    0.000000    0.425914   -0.904764  288.309814  622.060547   -5.267106  2000355341           0          77           1  1386953767          -1          -1           1        5393           0           0           0           0           0
p 059           1 0 -1770782415        5393           0           0    1.350000    0.000000    0.000000    0.883691    0.468071  287.795929  616.254700   -5.267106  2000355341           0          81           0           0          -1          -1           1        5393           0           0           0           0           0
p 059           1 0 -1771634365        5393           0           0    1.350000    0.000000    0.000000    0.999868   -0.016247  407.949402  576.247986    0.100001  2000355341           0          81           1  1386953767          -1          -1           1        5393           0           0           0           0           0
p 059           1 0 -1770323643        5393           8           0    1.350000    0.000000    0.000000    0.080966   -0.996717  312.581787  574.014954   -5.746672  2000355341           0          77  1096982528           0          -1          -1           1        5393           0           0           0           0           0
p 059           1 0 -1770258109        5393           8           0    1.350000    0.000000    0.000000    0.869226    0.494415  297.036163  579.346497   -5.746670  2000355341           0          84           1  1386953767          -1          -1           1        5393           0           0           0           0           0
p 059           1 0 -1770192575        5392           0           0    1.000000    0.028816    0.012436    0.917693   -0.396049  296.519745  616.249390    1.159331  2000355341           0          84           1  1386953767          17        5392          -1          -1           0           0           0           0           0
p 059           1 0 -1770127044      156353           8           0    1.620000    0.000000    0.000000    0.999298   -0.037465  274.245789  578.916809   -1.996521  2000355341           0          84           1  1386953767          -1          -1           1      156353           4           0           0           0           0
p 059           1 0 -1773469626       54166           0           0    1.000000    0.000000    0.000000    0.273097    0.961987  326.499756  506.999756    0.217285  2000355341           0          -1           1      156353          -1          -1           1       54166           0           0           0           0           0
p 059           1 0 -1769995970        5392           8           0    1.000000   -0.031640   -0.018611   -0.861361    0.506666  297.357513  608.757751    0.303328  2000355341           0          77           1  1386953767          17        5392          -1          -1           0           0           0           0           0
p 059           1 0 -1770061612        5392           0           0    1.000000   -0.022253   -0.013478   -0.855052    0.517890  296.229889  609.469666    1.407083  2000355341           0          77           1  1386953767          17        5392          -1          -1           0           0           0           0           0
p 059           1 0 -1770389266        5393           0           0    1.350000    0.000000    0.000000    0.682433   -0.730948  298.891052  623.992065   -5.167106  2000355341           0          77           1  1386953767          -1          -1           1        5393           0           0           0           0           0
p 059           1 0 -1770585848        5393           0           0    1.350000    0.000000    0.000000    0.962856    0.270015  301.260101  617.521790   -5.167106  2000355341           0          77  1092362240           0          -1          -1           1        5393           0           0           0           0           0
p 059           1 0 -1771044553        5393           0           0    1.350000    0.000000    0.000000    0.947182   -0.320695  298.615326  620.203552   -5.167106  2000355341           0          81           0           0          -1          -1           1        5393           0           0           0           0           0
p 059           1 0 -1770913473        5387           0           0    1.700000    0.000000    0.000000    0.851865   -0.523761  303.094177  624.569641   -5.167106  2000355341           0          77  1098080256           0          -1          -1           1        5387           0           0           0           0           0
p 059           1 0 -1769930424        4402          26           0    1.000000    0.000000    0.000000    0.557922    0.829893  277.616394  570.195374   -3.192141  2000355341           0          81           0           0          17        4402          -1          -1           0           0           0           0           0
p 059           1 0 -1770454799        5393           0           0    1.350000    0.000000    0.000000    0.980130   -0.198357  313.235596  616.546204   -3.095570  2000355341           0          81           0           0          -1          -1           1        5393           0           0           0           0           0
p 059           1 0 -1769864888        5392           8           0    1.000000   -0.017800   -0.010482   -0.861515    0.507311  297.363159  608.755981    0.303328  2000355341           0          81           1  1386953767          17        5392          -1          -1           0           0           0           0           0
p 059           1 0 -1770454799        5393           0           0    1.350000    0.000000    0.000000    0.889071   -0.457770  306.754913  610.965698   -5.167106  2000355341           0          81           1  1386953767          -1          -1           1        5393           0           0           0           0           0
p 059           1 0 -1769799468        5393           8           0    1.350000    0.000000    0.000000    0.505575   -0.862783  281.983704  561.938171   -4.389202  2000355341           0          81           0           0          -1          -1           1        5393           0           0           0           0           0
p 059           1 0 -1769734066        6435           8           0    1.000000    0.044768    0.341054   -0.122206    0.930991  276.470642  563.410889    4.439724  2000355341           0          84           1 -2013977798          17        6435          -1          -1           0           0           0           0           0
p 059           1 0 -1769668290        6434          10           0    1.000000    0.000000    0.000000    0.000000    1.000000  282.877777  561.699341   -1.955453  2000355341           0          84           1 -2013977798          17        6434          -1          -1           0           0           0           0           0
p 059           1 0 -1769602744        4176          26           0    1.000000   -0.000000   -0.000000   -0.211273    0.977427  295.565643  554.141907   -5.646673  2000355341           0          84           1 -2013977798          -1          -1           1        4176           0           0           0           0           0
p 059           1 0 -1769471672      187359          26           0    1.000000    0.000000    0.000000    0.845237   -0.534392  281.242645  560.377136   -4.576622  2000355341           0          84           1 -2013977798          -1          -1           1      187359           0           0           0           0           0
p 059           1 0 -1769537303        4267           8           0    1.700000    0.000000    0.000000    0.000000    1.000000  281.242645  560.377136   -3.889202  2000355341           0          84           1 -2013977798           2 -1962741247          -1          -1           1           0           0           0           0
p 059           1 0 -1769406231        5393           8           0    1.350000    0.000000    0.000000    0.988028   -0.154274  360.019531  576.261414   -5.409075  2000355341           0         277           1  1386953767          -1          -1           1        5393           0           0           0           0           0
p 059           1 0 -1769340603        5393           8           0    1.350000    0.000000    0.000000    0.850114    0.526599  290.211456  562.725891   -4.967448  2000355341           0          77           1  1386953767          -1          -1           1        5393           0           0           0           0           0
p 059           1 0 -1769275180        5392           8           0    1.000000    0.014785    0.012089   -0.774000    0.632898  301.258698  606.775391    0.541659  2000355341           0          84  1099751424           0          17        5392          -1          -1           0           0           0           0           0
p 059           1 0 -1773338573       57359           0           0    1.000000   -0.020229    0.014052    0.702092    0.711661  373.499512  565.999146   -5.899367  2000355341           0          84  1099751424           0          -1          -1           1       57359           0           0           0           0           0
p 059           1 0 -1769144002      187359          26           0    1.000000    0.000000    0.000000    0.102944    0.994687  286.277710  580.031189   -5.167106  2000355341           0          77   981663744           0          -1          -1           1      187359           0           0           0           0           0
p 059           1 0 -1769209528      209200           8           0    1.000000    0.000000    0.000000    0.000000    1.000000  286.277710  580.031189   -4.767106  2000355341           0          77           1 -1216535162           2   126259832          -1          -1           1           0           0           0           0
p 059           1 0 -1769012927      187359          26           0    1.000000    0.000000    0.000000    0.516674   -0.856182  289.459503  571.417358   -5.167106  2000355341           0          77           1 -1216535162          -1          -1           1      187359           0           0           0           0           0
p 059           1 0 -1768881853      187359          26           0    1.000000    0.000000    0.000000    0.618773   -0.785570  290.086365  562.069702   -4.874684  2000355341           0          77           1 -1216535162          -1          -1           1      187359           0           0           0           0           0
p 059           1 0 -1769078706        3800           8           0    1.600000    0.000000    0.000000    0.000000    1.000000  289.459503  571.417358   -5.017106  2000355341           0          77           1 -1216535162           2  1612257705          -1          -1           1           0           0           0           0
p 059           1 0 -1768947394        4267           8           0    1.700000    0.000000    0.000000    0.000000    1.000000  290.086365  562.069702   -4.467449  2000355341           0          27  1100611584           0           2 -1962741247          -1          -1           1           0           0           0           0
p 059           1 0 -1768816315        5393           8           0    1.350000    0.000000    0.000000    0.339623    0.940562  293.910583  547.339111   -5.746674  2000355341           0         277           1 -2013977798          -1          -1           1        5393           0           0           0           0           0
p 059           1 0 -1768750786        5393           8           0    1.350000    0.000000    0.000000    0.991112    0.133029  306.088928  542.204041   -5.267106  2000355341           0          84  1093885952           0          -1          -1           1        5393           0           0           0           0           0
p 059           1 0 -1768685327        6435           8           0    1.000000    0.000000    0.000000    0.887371    0.461056  296.627228  546.997986    0.396073  2000355341       30582          84  1100152832           0          17        6435          -1          -1           0           0           0           0           0
p 059           1 0 -1768619709        6434          10           0    1.000000    0.000000    0.000000    0.000000    1.000000  294.952728  547.618591    0.396073  2000355341           0          84  1100152832           0          17        6434          -1          -1           0           0           0           0           0
p 059           1 0 -1768554255      187359          26           0    1.000000    0.000000    0.000000    0.379322   -0.925265  295.141327  546.126160   -5.602040  2000355341           0          84           1  1386953767          -1          -1           1      187359           0           0           0           0           0
p 059           1 0 -1773338573       57359           0           0    1.000000   -0.020229    0.014052    0.702092    0.711661  373.499512  565.999146   -5.899367  2000355341           0          84           1  1386953767          -1          -1           1       57359           0           0           0           0           0
p 059           1 0 -1773404095       54467           0           0    1.000000    0.000000    0.000000    0.581634    0.813451  385.499756  525.500000    0.031738  2000355341           0          77   981663744           0          -1          -1           1       54467           0           0           0           0           0
p 059           1 0 -1768488719        6435           8           0    1.000000   -0.430856   -0.008510    0.902205   -0.017820  311.793945  542.361206    3.848938  2000355341           0          77   981663744           0          17        6435          -1          -1           0           0           0           0           0
p 059           1 0 -1768357602        6434          10           0    1.000000    0.000000    0.000000    0.000000    1.000000  307.905823  542.173401   -2.995203  2000355341           0          77   981663744           0          17        6434          -1          -1           0           0           0           0           0
p 059           1 0 -1768292034        5392           8           0    1.000000   -0.008881   -0.010773   -0.636044    0.771526  305.352478  595.245178    0.303328  2000355341           0          77   981663744           0          17        5392          -1          -1           0           0           0           0           0
p 059           1 0 -1768226491      187359          26           0    1.000000    0.000000    0.000000    0.614573   -0.788860  300.622833  566.955017   -5.098672  2000355341           0          77           1  1386953767          -1          -1           1      187359           0           0           0           0           0
p 059           1 0 -1768161039        6435           8           0    1.000000    0.000000    0.000000    0.998433    0.055965  311.822449  542.897156    3.848939  2000355341           0          77           1  1386953767          17        6435          -1          -1           0           0           0           0           0
p 059           1 0 -1768423101      209200           8           0    1.000000    0.000000    0.000000    0.000000    1.000000  309.544922  542.204041   -5.067106  2000355341           0          77           1  1386953767           2   126259832          -1          -1           1           0           0           0           0
p 059           1 0 -1768095458        6434          10           0    1.000000    0.000000    0.000000    0.000000    1.000000  271.377411  547.445557    3.848939  2000355341           0          77           1  1386953767          17        6434          -1          -1           0           0           0           0           0
p 059           1 0 -1768029890        4402          26           0    1.000000    0.000000    0.000000    0.952017    0.306047  315.615356  542.426758   -2.193807  2000355341           0          77           1  1386953767          17        4402          -1          -1           0           0           0           0           0
p 059           1 0 -1773338573       57359           0           0    1.000000   -0.020229    0.014052    0.702092    0.711661  373.499512  565.999146   -5.899367  2000355341           0          77           1 -2013977798          -1          -1           1       57359           0           0           0           0           0
p 059           1 0 -1767898850      187359          26           0    1.000000    0.000000    0.000000    0.412599   -0.910913  301.610535  553.863159   -5.061842  2000355341           0          77   981663744           0          -1          -1           1      187359           0           0           0           0           0
p 059           1 0 -1767636747      199642           8           0    1.000000   -0.000285    0.000000   -0.000000    1.000000  250.487030  580.000000    0.222168  2000355341           0          77   981663744           0          -1          -1           1      199642           0           0           1           1           0
p 059           1 0 -1767571131      187359          26           0    1.000000    0.000000    0.000000    0.306047   -0.952016  312.939880  544.345215   -3.209848  2000355341           0          77   981663744           0          -1          -1           1      187359           0           0           0           0           0
p 059           1 0 -1767964354        4267           8           0    1.700000    0.000000    0.000000    0.000000    1.000000  301.610535  553.863159   -4.471247  2000355341           0          77   981663744           0           2 -1962741247          -1          -1           1           0           0           0           0
p 059           1 0 -1767374551      187359          26           0    1.000000    0.000000    0.000000    0.194596   -0.980884  300.289825  551.945374   -4.971181  2000355341           0         277           1           0          -1          -1           1      187359           0           0           0           0           0
p 059           1 0 -1767833293        4440           8           0    2.000000    0.000000    0.000000    0.000000    1.000000  314.915924  545.591492   -3.479834  2000355341           0         277           1           0           2  1646417620          -1          -1           1           0           0           0           0
p 059           1 0 -1767702287        4267           8           0    1.700000    0.000000    0.000000    0.000000    1.000000  320.507690  547.182434    0.500000  2000355341           0         277           1           0           2 -1962741247          -1          -1           1           0           0           0           0
p 059           1 0 -1767767802      209200           8           0    1.000000    0.000000    0.000000    0.000000    1.000000  316.637695  542.147949   -2.313723  2000355341           0         277           1           0           2   126259832          -1          -1           1           0           0           0           0
p 059           1 0 -1767505708        5483           8           0    1.800000    0.000000    0.000000    0.000000    1.000000  299.639587  551.001160   -4.707178  2000355341           0         277           1           0           2 -2115691356          -1          -1           0           0           0           0           0
p 059           1 0 -1767440063        4267           8           0    1.700000    0.000000    0.000000    0.000000    1.000000  303.306213  550.829956   -4.767106  2000355341           0         150  1099431936           1           2 -1962741247          -1          -1           1           0           0           0           0
p 059           1 0 -1767308996        6435           8           0    1.000000   -0.174823    0.058008    0.932876    0.309540  318.502167  545.636230    6.142745  2000355341           0         277           1  1386953767          17        6435          -1          -1           0           0           0           0           0
p 059           1 0 -1767243471        6434          10           0    1.000000    0.000000    0.000000    0.000000    1.000000  308.638550  552.991821    1.363192  2000355341           0         277           1  1386953767          17        6434          -1          -1           0           0           0           0           0
p 059           1 0 -1767177917      187359          26           0    1.000000    0.000000    0.000000    0.355618   -0.934631  303.355774  549.748169   -5.167106  2000355341           0         277           1  1386953767          -1          -1           1      187359           0           0           0           0           0
p 059           1 0 -1767112442      187359          26           0    1.000000    0.000000    0.000000    0.874473   -0.485074  299.928802  552.370178   -4.877783  2000355341           0         277           1  1386953767          -1          -1           1      187359           0           0           0           0           0
p 059           1 0 -1767046863        6435           8           0    1.000000   -0.107107    0.050124    0.899371    0.420889  309.572998  546.790466    2.440985  2000355341           0         277           1 -1216535162          17        6435          -1          -1           0           0           0           0           0
p 059           1 0 -1766981309        6434          10           0    1.000000    0.000000    0.000000    0.000000    1.000000  300.644440  557.490723   -0.659052  2000355341           0         277           1 -1216535162          17        6434          -1          -1           0           0           0           0           0
p 059           1 0 -1772617482        3949           0           0    1.000000    0.000000    0.000000    0.000000    1.000000  273.331299  613.622437   -4.720680  2000355341           0         277           1 -1216535162          -1          -1           1        3949           0           0           1           1           0
p 059           1 0 -1773010653        3949           0           0    0.800000    0.000000    0.000000    0.135909    0.990721  253.890259  604.476196    0.001122  2000355341           0          77   981663744           0          -1          -1           1        3949           0           0           1           1           0
p 059           1 0 -1766915773        6435           8           0    1.000000   -0.111215    0.091184    0.765269    0.627439  301.150269  550.897766    0.806034  2000355341           0          77   981663744           0          17        6435          -1          -1           0           0           0           0           0
p 059           1 0 -1766784791        6434          10           0    1.000000    0.000000    0.000000    0.000000    1.000000  299.767914  557.813354   -1.385725  2000355341           0          77           1 -2013977798          17        6434          -1          -1           0           0           0           0           0
p 059           1 0 -1773338573       57359           0           0    1.000000   -0.020229    0.014052    0.702092    0.711661  373.499512  565.999146   -5.899367  2000355341           0          77           1 -2013977798          -1          -1           1       57359           0           0           0           0           0
p 059           1 0 -1766850242      209200           8           0    1.000000    0.000000    0.000000    0.000000    1.000000  299.832428  557.490601   -5.246674  2000355341           0          77   981663744           0           2   126259832          -1          -1           1           0           0           0           0
p 059           1 0 -1766719255        5393           8           0    1.350000    0.000000    0.000000    0.541159    0.840920  310.057983  547.645935   -4.545763  2000355341          -1          -1          -1          -1          -1          -1           1        5393           0           0           0           0           0
p 059           1 0 -1773404095       54467           0           0    1.000000    0.000000    0.000000    0.581634    0.813451  385.499756  525.500000    0.031738  2000355341          -1          -1          -1          -1          -1          -1           1       54467           0           0           0           0           0
p 059           1 0 -1766653686        5393           8           0    1.350000    0.000000    0.000000    0.999207   -0.039808  320.204773  545.400024    0.000000  2000355341          -1          77   981663744           0          -1          -1           1        5393           0           0           0           0           0
p 059           1 0 -1766588093        6435           8           0    1.000000   -0.617078    0.113546    0.765810    0.140914  310.854675  547.342468    3.371764  2000355341       30582          84  1100259328           0          17        6435          -1          -1           0           0           0           0           0
p 059           1 0 -1773338573       57359           0           0    1.000000   -0.020229    0.014052    0.702092    0.711661  373.499512  565.999146   -5.899367  2000355341       30582          84  1100259328           0          -1          -1           1       57359           0           0           0           0           0
p 059           1 0 -1766522616        6434          10           0    1.000000    0.000000    0.000000    0.000000    1.000000  309.691284  547.785645   -4.152136  2000355341       30582          77   981663744           0          17        6434          -1          -1           0           0           0           0           0
p 059           1 0 -1766457021        5392           8           0    1.000000    0.003548    0.007541   -0.425724    0.904815  282.546448  584.179260    2.160215  2000355341           0          77   981663744           0          17        5392          -1          -1           0           0           0           0           0
p 059           1 0 -1772617482        3949           0           0    1.000000    0.000000    0.000000    0.000000    1.000000  273.331299  613.622437   -4.720680  2000355341           0          77           1  1386953767          -1          -1           1        3949           0           0           1           1           0
p 059           1 0 -1766391544        5392           8           0    1.000000    0.019569    0.041961   -0.422209    0.905315  274.111176  588.620850    5.763225  2000355341           0          77   981663744           0          17        5392          -1          -1           0           0           0           0           0
p 059           1 0 -1766260415        5393           8           0    1.350000    0.000000    0.000000    0.517530    0.855665  300.959564  557.013977   -4.971249  2000355341           0          77   981663744           0          -1          -1           1        5393           0           0           0           0           0
p 059           1 0 -1766194938      187359          26           0    1.000000    0.000000    0.000000    0.081053    0.996710  319.408478  541.437073   -0.283377  2000355341           0          84  1100267520           0          -1          -1           1      187359           0           0           0           0           0
p 059           1 0 -1766325954        4313           8           0    1.000000    0.000000    0.000000    0.000000    1.000000  319.408478  541.437073   -1.420287  2000355341           0          84           1 -1216535162           2   126259833          -1          -1           1           0           0           0           0
p 059           1 0 -1766129341        5393           8           0    1.350000    0.000000    0.000000    0.189719   -0.981838  292.579926  544.985718   -5.746672  2000355341           0          84           1 -1216535162          -1          -1           1        5393           0           0           0           0           0
p 059           1 0 -1765932794      187359          26           0    1.000000    0.000000    0.000000    0.967057    0.254560  274.683044  593.927124   -2.588839  2000355341           0          84           1 -2013977798          -1          -1           1      187359           0           0           0           0           0
p 059           1 0 -1766063864      209200           8           0    1.000000    0.000000    0.000000    0.000000    1.000000  274.683044  593.927124   -1.347415  2000355341           0          84           1 -1216535162           2   126259832          -1          -1           1           0           0           0           0
p 059           1 0 -1765998359        4267           8           0    1.700000    0.000000    0.000000    0.000000    1.000000  268.840424  596.414368    0.500000  2000355341           0          84           1 -1216535162           2 -1962741247          -1          -1           1           0           0           0           0
p 059           1 0 -1765867215        4267           8           0    1.700000    0.000000    0.000000    0.000000    1.000000  269.159760  590.794067    0.500000  2000355341           0         277           1 -1216535162           2 -1962741247          -1          -1           1           0           0           0           0
p 059           1 0 -1765801722        4402          26           0    1.000000    0.000000    0.000000    0.792360    0.610054  289.072266  567.650085   -5.167104  2000355341           0         277           1 -1216535162          17        4402          -1          -1           0           0           0           0           0
p 059           1 0 -1765736132      209200           8           0    1.000000    0.000000    0.000000    0.000000    1.000000  295.082733  553.562683   -5.546673  2000355341           0         277           1  1386953767           2   126259832          -1          -1           1           0           0           0           0
p 059           1 0 -1765670646       99567           8           0    0.250000    0.005679    0.007053   -0.627143    0.778852  289.959625  563.585815    0.032896  2000355341           0         277           1  1386953767          17       99567          -1          -1           0           0           0           0           0
p 059           1 0 -1765605138       99574          26           0    1.000000    0.000000    0.000000    0.403199    0.915112  291.535309  556.088623   -5.036619  2000355341           0         277           1  1386953767          17       99574          -1          -1           0           0           0           0           0
p 059           1 0 -1765473981       99567           8           0    0.250000   -0.001993    0.042734    0.046534    0.998000  293.214233  568.037048    0.032896  2000355341           0         277           1  1386953767          17       99567          -1          -1           0           0           0           0           0
p 059           1 0 -1765408506       99574          26           0    1.000000    0.000000    0.000000    0.469252    0.883064  291.796234  568.864929   -5.167105  2000355341           0         277           1  1386953767          17       99574          -1          -1           0           0           0           0           0
p 059           1 0 -1765539529      209200           8           0    1.000000    0.000000    0.000000    0.000000    1.000000  289.910065  557.245911   -4.767106  2000355341           0         277           1  1386953767           2   126259832          -1          -1           1           0           0           0           0
p 052  2000355341           0           1           3      102362          -1          -1          -1          -1          -1          -1       71150          14       72712      132833          -1      179674       87018       50542       92126          14          14           0          -1          63          96          96  119.730362  124.827103    1.199135  122.895737  124.827148   51.199142  119.730362  124.827103    1.199135  122.895737  124.827148   51.199142         139           0           0           0           0  2030043564      175021    0.000000    0.000000    0.000000    1.000000  240.000000  720.000000    0.000000          -1          -1
p 068  2030043564      175021    0.000000    0.000000    0.000000    1.000000  240.000000  720.000000    0.000000  2000355341           4
p 059           1 0 -1765146379      170633           8           0    1.000000   -0.000285    0.000000   -0.000000    1.000000  250.487030  580.000000    0.222168  2000355341           0     6815840        -131       50687          -1          -1           1      170633           0           0           1           1           0
p 052  2000355341           0           1           0      102362          -1          -1          -1          -1          -1          -1          -1          -1          -1      132833          -1      179674       87018       50542       92126           5           5           0          -1          63          96          96  120.000008  120.000008  -19.888756  120.000008  120.000008   25.429258  120.000008  120.000008  -19.888756  120.000008  120.000008   25.429258           0           0           0           0           4  2029453731       33060    0.000000    0.000000    0.000000    1.000000  240.000000    0.000000    0.000000          -1          -1
p 068  2029453731       33060    0.000000    0.000000    0.000000    1.000000  240.000000    0.000000    0.000000  2000355341           4
p 059           1 0 -1773469626       54166           0           0    1.000000    0.000000    0.000000    0.273097    0.961987  326.499756  506.999756    0.217285  2000355341          -1      179674       87018       50542          -1          -1           1       54166           0           0           0           0           0
p 052  2000355341           0           1           3      102362          -1          -1          -1          -1          -1          -1       71150          14       72712      132833          -1      179674       87018       50542       92126          14          14           0          -1          63          96          96  119.730362  124.827103    1.199135  122.895737  124.827148   51.199142  119.730362  124.827103    1.199135  122.895737  124.827148   51.199142         139           0           0           0           0  2030043564      175021    0.000000    0.000000    0.000000    1.000000  240.000000  720.000000    0.000000          -1          -1
p 068  2030043564      175021    0.000000    0.000000    0.000000    1.000000  240.000000  720.000000    0.000000  2000355341           4
p 059           1 0 -1772879599        3949           0           0    0.800000    0.000000    0.000000    0.000000    1.000000  318.455444  687.422119   10.200409  2000355341           0      179674           1  1386953767          -1          -1           1        3949           0           0           1           1           0
p 059           1 0 -1765015319        5393           8           0    1.350000    0.000000    0.000000    1.000000   -0.000000  370.958984  580.894348   -5.646673  2000355341           0          77           1 -2013977798          -1          -1           1        5393           0           0           0           0           0
p 059           1 0 -1764949783        5393           8           0    1.350000    0.000000    0.000000    0.444564    0.895747  373.303619  583.982422   -5.516456  2000355341           0          77  1098244096           0          -1          -1           1        5393           0           0           0           0           0
p 059           1 0 -1773338573       57359           0           0    1.000000   -0.020229    0.014052    0.702092    0.711661  373.499512  565.999146   -5.899367  2000355341           0          77           1  1386953767          -1          -1           1       57359           0           0           0           0           0
p 059           1 0 -1772748543         357           0           0    1.000000    0.000000    0.000000    0.997695   -0.067865  387.432495  593.222656   -4.967011  2000355341           0          77   981663744           0          -1          -1           1         357           0           0           1           1           0
p 059           1 0 -1772814066         357           0           0    1.000000    0.000000    0.000000    0.695939    0.718101  381.953491  563.281616   -4.991506  2000355341           0          77   981663744           0          -1          -1           1         357           0           0           1           1           0
p 059           1 0 -1773404095       54467           0           0    1.000000    0.000000    0.000000    0.581634    0.813451  385.499756  525.500000    0.031738  2000355341           0          77   981663744           0          -1          -1           1       54467           0           0           0           0           0
p 059           1 0 -1764884175        5393           8           0    1.350000    0.000000    0.000000    0.923877    0.382689  401.231689  574.344177    0.100000  2000355341           0          77   981663744           0          -1          -1           1        5393           0           0           0           0           0
p 059           1 0 -1764818616        5393           8           0    1.350000    0.000000    0.000000    0.999266   -0.038305  405.119446  585.437256    0.060755  2000355341           0          77  1093828608           0          -1          -1           1        5393           0           0           0           0           0
p 059           1 0 -1764753103        5393           8           0    1.350000    0.000000    0.000000    0.206478    0.978451  402.812347  575.042358    0.100000  2000355341           0          77           1  1386953767          -1          -1           1        5393           0           0           0           0           0
p 059           1 0 -1764687610        5393           8           0    1.350000    0.000000    0.000000    1.000000   -0.000000  406.221405  576.247986    0.100000  2000355341           0          77  1093828608           0          -1          -1           1        5393           0           0           0           0           0
p 059           1 0 -1765080824      135248           0           0    1.000000    0.000000    0.000000    0.000000    1.000000  324.500000  728.500000    0.031860  2000355341           0          77  1096982528           0          -1          -1           1      135248           0           0           1           1           0
p 052  2000355341           0           0           3      102362          -1          -1          -1          -1          -1          -1          -1          -1          -1      132833          -1      179674       87018       50542       92126          11          11           0          -1          63          96          96  120.000008  120.000008  -19.888756  120.000008  120.000008   25.429258  120.000008  120.000008  -19.888756  120.000008  120.000008   25.429258           0           0           0           0           4  2029846953       33060    0.000000    0.000000    0.000000    1.000000    0.000000  720.000000    0.000000          -1          -1
p 068  2029846953       33060    0.000000    0.000000    0.000000    1.000000    0.000000  720.000000    0.000000  2000355341           4
