v 1
# ENTER WORLD  1999503360 (sno:       71150) at 2041.250000 1778.750000    0.426203
s 2041.250000 1778.750000    0.426203
p 055  1999503360       71150
p 051 2041.250000 1778.750000    0.426203  1999503360       71150
p 052  1999503360           0          33          28       19952       72712          -1          -1          -1           0          -1          -1           0          -1      144267          -1      162553       87030       73997       71150          61          61           0          -1          63          48          48   72.203629   54.991928  -12.967300   77.576599   71.060349   66.474083   72.203629   54.991928  -12.967300   77.576599   71.060349   66.474083           0         277           0           0           1  2005991485       74620    0.000000    0.000000    0.000000    1.000000 1980.000000 1680.000000    0.000000          -1          -1
p 068  2005991485       74620    0.000000    0.000000    0.000000    1.000000 1980.000000 1680.000000    0.000000  1999503360           0
p 052  1999503360           0          32          24       19952       19952          -1          -1          -1           0          -1          -1           0          -1      141670          -1      161928       87030       63337       71150           5           5           0          -1          63          96          96  132.045975  127.479202   20.820496  132.045975  133.037216   38.665337  132.045975  127.479202   20.820496  132.045975  133.037216   38.665337           0           0           0           0           1  2002321413       56593    0.000000    0.000000    0.000000    1.000000 1920.000000 1440.000000    0.000000          -1          -1
p 068  2002321413       56593    0.000000    0.000000    0.000000    1.000000 1920.000000 1440.000000    0.000000  1999503360           0
p 052  1999503360           0          35          28       19952       72712          -1          -1          -1           0          -1          -1           0          -1      144267          -1      162553       87030       73997       71150          62          62           0          -1          63          48          48   64.575874   54.312141  -19.642555   70.130806   71.229042   59.798820   64.575874   54.312141  -19.642555   70.130806   71.229042   59.798820           0         852           0           0           1  2006057022       74617    0.000000    0.000000    0.000000    1.000000 2100.000000 1680.000000    0.000000          -1          -1
p 068  2006057022       74617    0.000000    0.000000    0.000000    1.000000 2100.000000 1680.000000    0.000000  1999503360           0
p 052  1999503360           0          33          30       72712       19954          -1          -1          -1           0          -1          -1           0          -1      144267          -1      162553       87030       73997       71150          65          65           0          -1          63          48          48   57.481323   60.118912  -16.855282   69.153748   80.234909   62.586102   57.481323   60.118912  -16.855282   69.153748   80.234909   62.586102        1098           0           0           0           1  2006253633       74619    0.000000    0.000000    0.000000    1.000000 1980.000000 1800.000000    0.000000          -1          -1
p 068  2006253633       74619    0.000000    0.000000    0.000000    1.000000 1980.000000 1800.000000    0.000000  1999503360           0
p 052  1999503360           0          35          30       72712          -1          -1          -1          -1           0          -1          -1           0          -1      144267          -1      162553       87030       73997       71150          66          66           0          -1          63          48          48   57.834518   58.156250  -22.494995   75.656708   67.468048   56.946388   57.834518   58.156250  -22.494995   75.656708   67.468048   56.946388        1661           0           0           0           1  2006319170       74616    0.000000    0.000000    0.000000    1.000000 2100.000000 1800.000000    0.000000          -1          -1
p 068  2006319170       74616    0.000000    0.000000    0.000000    1.000000 2100.000000 1800.000000    0.000000  1999503360           0
p 052  1999503360           0          31          30          -1          -1          -1          -1          -1          -1          -1          -1          -1          -1      132856          -1      160591       87030       50549       71150         171         171           0          -1          63          48          48   67.432678   63.322708   26.742191   77.529572   81.859161   26.836498   67.432678   63.322708   26.742191   77.529572   81.859161   26.836498           0           0           0           0           1  2013200555       74463    0.000000    0.000000    0.000000    1.000000 1860.000000 1800.000000    0.000000          -1          -1
p 068  2013200555       74463    0.000000    0.000000    0.000000    1.000000 1860.000000 1800.000000    0.000000  1999503360           0
p 052  1999503360           0          31          28          -1          -1          -1          -1          -1          -1          -1          -1          -1          -1      132856          -1      160591       87030       50549       71150         172         172           0          -1          63          48          48   67.432678   63.322708   26.742191   77.529572   81.859161   26.836498   67.432678   63.322708   26.742191   77.529572   81.859161   26.836498           0           0           0           0           1  2013266092       74463    0.000000    0.000000    0.000000    1.000000 1860.000000 1680.000000    0.000000          -1          -1
p 068  2013266092       74463    0.000000    0.000000    0.000000    1.000000 1860.000000 1680.000000    0.000000  1999503360           0
p 052  1999503360           0          30          26          -1          -1          -1          -1          -1          -1          -1          -1          -1          -1      132856          -1      160591       87030       50549       71150         173         173           0          -1          63          48          48   67.432678   63.322708   26.742191   77.529572   81.859161   26.836498   67.432678   63.322708   26.742191   77.529572   81.859161   26.836498           0           0           0           0           1  2013331629       74463    0.000000    0.000000    0.000000    1.000000 1800.000000 1560.000000    0.000000          -1          -1
p 068  2013331629       74463    0.000000    0.000000    0.000000    1.000000 1800.000000 1560.000000    0.000000  1999503360           0
p 059           1 0 -1764622103      176002          24           0    0.629971    0.000000    0.000000    0.000000    1.000000 2032.983154 1776.411133    1.434785  1999503360          -1      160591       87030       50549          -1          -1           1      176002           0           0           1           1           0
p 059           1 0 -1764556472        5502           8           0    1.000000    0.000000    0.000000    0.000000    1.000000 2037.878906 1775.536865    0.000000  1999503360          -1          81           0           0          -1          -1           1        5502           0           0           1           1           0
p 059           1 0 -1764294337      209103           8           0    1.000000    0.000000    0.000000    0.701496    0.712674 2110.990479 1708.549927   -0.065758  1999503360          -1          77   981663744           0          -1          -1           1      209103           0           0           1           1           0
p 059           1 0 -1764097725       54551          24           0    1.000000    0.000000    0.000000    0.788375    0.615195 2027.500000 1830.000000    0.000000  1999503360       62731         460           1           1          -1          -1           1       54551           0           0           1           1           0
p 059           1 0 -1763573526       76078           8           0    1.000000   -0.000023   -0.000023   -0.707107   -0.707107 2110.358887 1710.901978   -0.000031  1999503360          -1          -1          -1          -1          -1          -1           1       76078           0           0           1           1           0
p 059           1 0 -1763508000      187370          24           0    1.130000    0.000000    0.000000    0.951589    0.307374 2020.000000 1837.500000    0.000008  1999503360          -1          77   981663744           0          -1          -1           1      187370           0           0           0           0           0
p 059           1 0 -1763442468        6156           8           0    1.000000    0.000000    0.000000    0.672694    0.739920 2027.404663 1823.931763   -0.000000  1999503360          -1          77   981663744           0          -1          -1           1        6156           0           0           1           1           0
p 059           1 0 -1763376958        6155           8           0    1.000000    0.000000   -0.000000    0.493394    0.869806 2033.200806 1834.494995    0.876817  1999503360          -1          77   981663744           0          -1          -1           1        6155           0           0           1           1           0
p 059           1 0 -1763311504        6159           8           0    1.000000    0.000000    0.000000    0.651918    0.758289 2037.076416 1814.604980    0.000000  1999503360          -1          77   981663744           0          -1          -1           1        6159           0           0           1           1           0
p 059           1 0 -1763245989        6158           8           0    1.000000    0.000000   -0.000000    0.787410    0.616430 2037.665039 1825.122070    0.000000  1999503360          -1          77   981663744           0          -1          -1           1        6158           0           0           1           1           0
p 059           1 0 -1763180487       75023           8           0    1.000000    0.000000    0.000000    0.000000    1.000000 2016.090698 1831.337524    0.000000  1999503360          -1          77   981663744           0          -1          -1           1       75023           0           0           1           1           0
p 059           1 0 -1763114690      176076           8           0    1.000000    0.000000    0.000000    0.000000    1.000000 2058.500000 1860.000000    0.245178  1999503360           0          77           1  1386953767          -1          -1           1      176076           0           0           0           0           0
p 059           1 0 -1763049156        6158           8           0    1.000000    0.000000    0.000000    0.645319    0.763913 2078.378418 1829.168945    0.000000  1999503360           0          77   981663744           0          -1          -1           1        6158           0           0           1           1           0
p 059           1 0 -1762983672        6159           8           0    1.000000    0.000000    0.000000    0.707107    0.707107 2089.483887 1829.531982   -0.000002  1999503360           0          77   981663744           0          -1          -1           1        6159           0           0           1           1           0
p 059           1 0 -1762918109        6158           8           0    1.000000    0.000000    0.000000    0.000000    1.000000 2045.478271 1881.279053    0.000000  1999503360           0          77   981663744           0          -1          -1           1        6158           0           0           1           1           0
p 059           1 0 -1762852587       86428           8           0    0.807479    0.000000   -0.000000    0.414344    0.910120 2083.955811 1854.194946    3.901136  1999503360           0          77   981663744           0          -1          -1           1       86428           0           0           1           1           0
p 059           1 0 -1762787055       86428           8           0    0.807479    0.000000    0.000000    0.000000    1.000000 2104.423828 1833.739380    3.901140  1999503360           0          77   981663744           0          -1          -1           1       86428           0           0           1           1           0
p 052  1999503360           0          33          32       19954       72712          -1          -1          -1           0          -1          -1           0          -1      144267          -1      162553       87030       73997       71150          69          69           0          -1          63          48          48   68.019005   53.102600  -15.890942   68.019005   70.486176   63.550442   68.019005   53.102600  -15.890942   68.019005   70.486176   63.550442           0         173           0           0           1  2006515781       74618    0.000000    0.000000    0.000000    1.000000 1980.000000 1920.000000    0.000000          -1          -1
p 068  2006515781       74618    0.000000    0.000000    0.000000    1.000000 1980.000000 1920.000000    0.000000  1999503360           0
p 059           1 0 -1762721522       74909           8           0    1.000000    0.000000    0.000000    0.000000    1.000000 2059.432373 1880.021851    0.000000  1999503360          -1      162553       87030       73997          -1          -1           1       74909           0           0           1           1           0
p 059           1 0 -1762524938        6156           8           0    1.000000    0.000000    0.000000    0.000000    1.000000 2044.515259 1895.269165    0.000000  1999503360          -1          77   981663744           0          -1          -1           1        6156           0           0           1           1           0
p 059           1 0 -1762459403       86428           8           0    0.807000    0.000000    0.000000    0.000000    1.000000 2083.962891 1865.843750    3.896751  1999503360          -1          77   981663744           0          -1          -1           1       86428           0           0           1           1           0
p 059           1 0 -1762394042       86428           8           0    0.807479    0.000000   -0.000000    0.414344    0.910120 2116.053955 1833.739380    3.901140  1999503360          -1          77   981663744           0          -1          -1           1       86428           0           0           1           1           0
p 052  1999503360           0          35          32       19954       72712          -1          -1          -1           0          -1          -1           0          -1      144267          -1      162553       87030       73997       71150          70          70           0          -1          63          48          48   54.258179   64.286659  -17.226257   80.216293   71.526268   62.215126   54.258179   64.286659  -17.226257   80.216293   71.526268   62.215126           0         306           0           0           1  2006581318       74615    0.000000    0.000000    0.000000    1.000000 2100.000000 1920.000000    0.000000          -1          -1
p 068  2006581318       74615    0.000000    0.000000    0.000000    1.000000 2100.000000 1920.000000    0.000000  1999503360           0
p 059           1 0 -1762328511        6158           8           0    1.000000    0.000000    0.000000    0.000000    1.000000 2060.079346 1890.197144    0.000000  1999503360          -1      162553       87030       73997          -1          -1           1        6158           0           0           1           1           0
p 059           1 0 -1762262989       75132           8           0    1.000000    0.000000    0.000000    0.000000    1.000000 2074.512939 1879.063110    0.000000  1999503360          -1          77   981663744           0          -1          -1           1       75132           0           0           1           1           0
p 059           1 0 -1764228807      171556           0           0    0.300000    0.000000    0.000000    0.000000    1.000000 2098.000000 1848.000000    7.000000  1999503360          -1          77   981663744           0          -1          -1           1      171556           0           0           1           1           0
p 059           1 0 -1762066121        6155           8           0    1.000000    0.000000    0.000000   -0.064128    0.997942 2053.271484 1900.708496   -0.000002  1999503360          -1          77   981663744           0          -1          -1           1        6155           0           0           1           1           0
p 059           1 0 -1762000655        6158           8           0    1.000000    0.000000    0.000000    0.000000    1.000000 2060.732178 1900.466675    0.000000  1999503360          -1          77   981663744           0          -1          -1           1        6158           0           0           1           1           0
p 059           1 0 -1761935186       74909           8           0    1.000000    0.000000    0.000000    0.000000    1.000000 2075.159668 1889.238403   -0.000002  1999503360          -1          77   981663744           0          -1          -1           1       74909           0           0           1           1           0
p 059           1 0 -1764294337      209103           0           0    1.000000    0.000000    0.000000    0.701496    0.712674 2110.990479 1708.549927   -0.065758  1999503360          -1          77   981663744           0          -1          -1           1      209103           0           0           1           1           0
p 059           1 0 -1761869661       75132           8           0    1.000000   -0.032696   -0.010870    0.016872    0.999264 2132.364014 1822.891846    0.000000  1999503360       62731         460           1           1          -1          -1           1       75132           0           0           1           1           0
p 059           1 0 -1761804146        5393           8           0    1.350000    0.000000    0.000000    0.851716   -0.524004 2124.231934 1767.678711    0.117573  1999503360       62731          77   981663744           0          -1          -1           1        5393           0           0           0           0           0
p 059           1 0 -1761738636        5393           8           0    1.350000    0.000000    0.000000    0.707107    0.707107 2121.672363 1761.734131    0.100000  1999503360       62731          77  1093443584           0          -1          -1           1        5393           0           0           0           0           0
p 059           1 0 -1761673108       74909           8           0    1.000000    0.000000    0.000000    0.000000    1.000000 2132.185547 1810.641479    0.000000  1999503360       62731          77  1096261632           0          -1          -1           1       74909           0           0           1           1           0
p 059           1 0 -1761607573        6159           8           0    1.000000    0.000000    0.000000    0.000000    1.000000 2132.185547 1790.155396    0.000000  1999503360           0          77   981663744           0          -1          -1           1        6159           0           0           1           1           0
p 059           1 0 -1761542050        6159           8           0    1.000000    0.000000    0.000000    0.000000    1.000000 2140.671875 1810.338257    0.000000  1999503360           0          77   981663744           0          -1          -1           1        6159           0           0           1           1           0
p 059           1 0 -1761804146        5393           0           0    1.350000    0.000000    0.000000    0.695014   -0.718996 2124.652832 1764.262085    0.100000  1999503360           0          77           1  1386953767          -1          -1           1        5393           0           0           0           0           0
p 059           1 0 -1761476516       75132           8           0    1.000000    0.000000    0.000000    0.000000    1.000000 2143.869385 1790.440186   -0.012131  1999503360           0          77  1093443584           0          -1          -1           1       75132           0           0           1           1           0
p 059           1 0 -1761411053       74909           8           0    1.000000    0.000000    0.000000    0.707107    0.707107 2132.227295 1752.259033    0.000000  1999503360           0          77   981663744           0          -1          -1           1       74909           0           0           1           1           0
p 059           1 0 -1761345520        6158           8           0    1.000000    0.000000    0.000000    0.000000    1.000000 2145.680664 1800.351196    0.000000  1999503360           0          77   981663744           0          -1          -1           1        6158           0           0           1           1           0
p 059           1 0 -1761279997        6159           8           0    1.000000    0.000000    0.000000    0.000000    1.000000 2155.287354 1792.253418    0.000000  1999503360           0          77   981663744           0          -1          -1           1        6159           0           0           1           1           0
p 059           1 0 -1761214150      112200           8           0    1.000000    0.000000    0.000000    0.007895   -0.999969 2160.000000 1800.000000    0.000000  1999503360           0          77   981663744           0          -1          -1           1      112200           0           0           0           0           0
p 059           1 0 -1761148671        4176          26           0    1.000000    0.000000    0.000000    0.000000    1.000000 2076.123047 1801.384644    0.108484  1999503360           0          77           1 -2013977798          -1          -1           1        4176           0           0           0           0           0
p 052  1999503360           0          47          46       19947      156038      202446          -1          -1           0          -1          -1           0          -1      132856          -1      160591       87030       78368       71150           1           1           0          -1          63          96          96  118.384277  119.131592   43.571331  134.230713  131.581055   43.571331  113.464981  119.131592   43.571331  139.150009  131.581055   43.571331        2111         881         493           0           9  2002059265       33348    0.000000    0.000000    0.000000    1.000000 2820.000000 2760.000000    0.000000          -1          -1
p 068  2002059265       33348    0.000000    0.000000    0.000000    1.000000 2820.000000 2760.000000    0.000000  1999503360           2
p 052  1999503360           0          43          46      202446          -1       19947          -1          -1           0          -1          -1           0          -1      137975          -1      160591       87030       78368       71150           0           0           0          -1          63          96          96  119.827881  126.401245   36.269424  130.634521  128.511108   40.503021  122.889893  126.401245   36.269424  133.696533  128.511108   40.503021         789           0         155           0           9  2001993728       33347    0.000000    0.000000    0.000000    1.000000 2580.000000 2760.000000    0.000000          -1          -1
p 068  2001993728       33347    0.000000    0.000000    0.000000    1.000000 2580.000000 2760.000000    0.000000  1999503360           2
p 052  1999503360           0          51          46       19947      156038          -1          -1          -1           0          -1          -1           0          -1      132856          -1      160591       87030       78368       71150           2           2           0          -1          63          96          96  115.938721  125.257813   43.828789  124.061523  131.665527   57.269234  115.938721  125.257813   43.828789  124.061523  131.665527   57.269234           0        1224           0           0           9  2002124802       33349    0.000000    0.000000    0.000000    1.000000 3060.000000 2760.000000    0.000000          -1          -1
p 068  2002124802       33349    0.000000    0.000000    0.000000    1.000000 3060.000000 2760.000000    0.000000  1999503360           2
p 052  1999503360           0          51          42       19947          -1          -1          -1          -1           0          -1          -1           0          -1      132856          -1      160591       87030       78368       71150          60          60           0          -1          63          96          96  112.135986  122.788452   19.604088  127.864258  122.788452   35.979576  112.135986  122.788452   19.604088  127.864258  122.788452   35.979576         207           0           0           0           9  2005925948       33343    0.000000    0.000000    0.000000    1.000000 3060.000000 2520.000000    0.000000          -1          -1
p 068  2005925948       33343    0.000000    0.000000    0.000000    1.000000 3060.000000 2520.000000    0.000000  1999503360           2
p 052  1999503360           0          47          38       19954          -1          -1          -1          -1           0          -1          -1           0          -1      141670          -1      162552       87030       63337       71150          76          76           0          -1          63          96          96  111.859375  125.371460   15.531509  128.907715  132.945435   32.496948  111.859375  125.371460   15.531509  128.907715  132.945435   32.496948        1081           0           0           0           1  2006974540       33337    0.000000    0.000000    0.000000    1.000000 2820.000000 2280.000000    0.000000          -1          -1
p 068  2006974540       33337    0.000000    0.000000    0.000000    1.000000 2820.000000 2280.000000    0.000000  1999503360           0
p 052  1999503360          27          39          46       91324          -1          -1          -1          -1          -1          -1       80730          -1          -1      137975          -1      160591       87030       50549       71150         138         138           0          -1          63          96          96  117.392395  114.817245   13.621546  135.777771  125.182816   29.990938  136.798538  114.817245   13.621546  155.183914  125.182816   29.990938        1969           0           0           0           1  2011037834       90279    0.000000    0.000000    0.000000    1.000000 2340.000000 2760.000000   27.000000          -1          -1
p 068  2011037834       90279    0.000000    0.000000    0.000000    1.000000 2340.000000 2760.000000   27.000000  1999503360           0
p 059           1 0 -1761083145        4675          24           0    1.000000    0.000000    0.000000   -0.359991    0.932956 2939.891602 2798.310547   23.945320  1999503360          -1      160591       87030       50549          -1          -1           1        4675           0           0           1           1           0
p 059           1 0 -1760886732        4675          24           0    1.000000    0.000000    0.000000    0.000000    1.000000 2922.286377 2796.864258   23.945313  1999503360          -1          67           0       50549          -1          -1           1        4675           0           0           1           1           0
p 059           1 0 -1760821206      136291           8           0    1.000000    0.000000    0.000000    0.997067    0.076541 2920.870117 2779.655273   23.945313  1999503360          -1          67           0       50549          -1          -1           1      136291           0           0           1           1           0
p 059           1 0 -1760690142        4675          24           0    1.000000    0.000000    0.000000    0.211176    0.977448 2943.416016 2819.508057   23.846363  1999503360          -1          69           1           0          -1          -1           1        4675           0           0           1           1           0
p 059           1 0 -1760428023      110982           8           0    1.130000    0.000000    0.000000    0.949643    0.313333 2979.582764 2867.991699   24.000217  1999503360          -1          67           0           0          -1          -1           1      110982           0           0           1           1           0
p 059           1 0 -1760231153      156111          24           0    1.000000    0.000000    0.000000    0.000000    1.000000 3002.507080 2843.754883   23.945313  1999503360          -1         341           1           0          -1          -1           1      156111           0           0           1           1           0
p 059           1 0 -1760165628        4675          24           0    1.000000    0.000000    0.000000    0.572838    0.819669 2931.454590 2851.744629   28.250633  1999503360          -1          77   981663744           0          -1          -1           1        4675           0           0           1           1           0
p 059           1 0 -1760100116        6442           8           0    1.000000    0.000000    0.000000   -0.385069    0.922888 2981.730469 2835.009277   24.663439  1999503360          -1          67           0           0          -1          -1           1        6442           0           0           1           1           0
p 059           1 0 -1759903575        4675          24           0    1.000000    0.000000    0.000000    0.000000    1.000000 2972.527588 2799.993408   23.945320  1999503360          -1          77   981663744           0          -1          -1           1        4675           0           0           1           1           0
p 059           1 0 -1759838041        4675          24           0    1.000000    0.000000    0.000000   -0.770731    0.637161 2933.726563 2851.518799   28.063866  1999503360          -1          67           0           0          -1          -1           1        4675           0           0           1           1           0
p 059           1 0 -1759707043        4675          24           0    1.000000    0.000000    0.000000    0.000000    1.000000 2894.062012 2819.540283   23.945328  1999503360          -1          67           0           0          -1          -1           1        4675           0           0           1           1           0
p 059           1 0 -1759575978        4675          24           0    1.000000    0.000000    0.000000    0.000000    1.000000 2938.308838 2814.277100   23.873192  1999503360          -1          67           0           0          -1          -1           1        4675           0           0           1           1           0
p 059           1 0 -1759313767      191492           8           0    1.000000    0.000000    0.000000    0.000000    1.000000 2985.958740 2795.399414   23.945314  1999503360          -1          67           0           0          -1          -1           1      191492           0           0           1           1           0
p 059           1 0 -1759248304        4675          24           0    1.000000    0.000000    0.000000    0.000000    1.000000 3013.640625 2800.702637   23.945320  1999503360          -1          77   981663744           0          -1          -1           1        4675           0           0           1           1           0
p 059           1 0 -1759182786       84542           8           0    1.130000    0.000024   -0.004572    0.712870    0.701281 2892.500000 2802.661133   23.982973  1999503360          -1          67           0           0          -1          -1           1       84542           0           0           1           1           0
p 059           1 0 -1759117253        5502           8           0    1.000000    0.000000    0.000000    0.637934    0.770091 2993.916504 2791.820068   23.945313  1999503360           0         460           1           1          -1          -1           1        5502           0           0           1           1           0
p 059           1 0 -1759051720        4675          24           0    1.000000    0.000000    0.000000    0.000000    1.000000 2990.737793 2828.897217   23.945328  1999503360           0          77   981663744           0          -1          -1           1        4675           0           0           1           1           0
p 059           1 0 -1758986193      178293          24           0    0.532348    0.000000    0.000000   -0.661510   -0.749937 2922.385254 2780.862305   24.738823  1999503360           0          67           0           0          -1          -1           1      178293           0           0           1           1           0
p 059           1 0 -1758920659      112131           8           0    1.000000    0.000000    0.000000    0.402159    0.915570 3025.000000 2806.379639   24.152481  1999503360           0          81           0           0          -1          -1           1      112131           0           0           1           1           0
p 059           1 0 -1758855125      101123           8           0    1.000000    0.000000    0.000000    0.000000    1.000000 2915.467285 2845.922119   23.821932  1999503360           0          67           0           0          -1          -1           1      101123           0           0           1           1           0
p 059           1 0 -1758461699        5466          24           0    1.000000    0.000000    0.000000    0.000000    1.000000 2973.245850 2827.689209   24.874111  1999503360           0          67           0           0          -1          -1           1        5466           0           0           1           1           0
p 059           1 0 -1758396086        4675          24           0    1.000000    0.000000    0.000000    0.572838    0.819669 2930.864502 2847.839844   23.835508  1999503360           0          77   981663744           0          -1          -1           1        4675           0           0           1           1           0
p 059           1 0 -1758330551      130400           8           0    1.000000    0.000010    0.000032    0.022488    0.999747 2970.619141 2789.914795   23.945313  1999503360           0          67           0           0          -1          -1           1      130400           0           0           1           1           0
p 059           1 0 -1758265017        5466          24           0    1.000000    0.000000    0.000000    0.000000    1.000000 2924.000000 2802.000000   23.945324  1999503360       62731         460           1           0          -1          -1           1        5466           0           0           1           1           0
p 059           1 0 -1758199482        5502           8           0    1.000000    0.000000    0.000000    0.637934    0.770091 2922.000000 2787.000000   23.945313  1999503360       62731          77   981663744           0          -1          -1           1        5502           0           0           1           1           0
p 059           1 0 -1758133948        4675          24           0    1.000000    0.000000    0.000000    0.000000    1.000000 2989.969727 2849.609131   23.945320  1999503360       62731          77   981663744           0          -1          -1           1        4675           0           0           1           1           0
p 059           1 0 -1758068414        4675          24           0    1.000000    0.000000    0.000000    0.000000    1.000000 2879.040527 2806.108154   23.945320  1999503360       62731          67           0           0          -1          -1           1        4675           0           0           1           1           0
p 059           1 0 -1758002897      176764           8           0    1.000000    0.000000    0.000000   -0.506628    0.862165 2880.201660 2846.427002   23.945324  1999503360       62731          67           0           0          -1          -1           1      176764           0           0           1           1           0
p 059           1 0 -1757937413      176769           8           0    1.000000    0.000000    0.000000   -0.335628    0.941995 2876.780029 2835.770996   23.945320  1999503360       62731          67           0           0          -1          -1           1      176769           0           0           1           1           0
p 059           1 0 -1757871879        5502           8           0    1.000000    0.000000    0.000000   -0.792499    0.609874 2970.149414 2860.753906   23.945313  1999503360       62731          67           0           0          -1          -1           1        5502           0           0           1           1           0
p 059           1 0 -1757675397      141508           8           0    1.130000    0.000000    0.000000    0.996325   -0.085653 3020.593506 2812.791992   23.945313  1999503360       62731          77   981663744           0          -1          -1           1      141508           0           0           1           1           0
p 059           1 0 -1757609901      151756           8           0    1.130000    0.000000    0.000000    0.194266    0.980949 2972.106934 2869.525635   23.931862  1999503360      129394         460           1           1          -1          -1           1      151756           0           0           1           1           0
p 059           1 0 -1757544369        4675          24           0    1.000000    0.000000    0.000000    0.000000    1.000000 2921.904541 2782.768799   24.685665  1999503360      129394         341           1           0          -1          -1           1        4675           0           0           1           1           0
p 059           1 0 -1757478581      178293          24           0    0.632705    0.000000    0.000000    0.691983    0.721914 2993.722168 2782.085693   24.328314  1999503360      129394          67           0           0          -1          -1           1      178293           0           0           1           1           0
p 059           1 0 -1757413078       56947           9           0    1.130000    0.000000    0.000000    0.322257    0.946652 2936.420898 2843.415039   23.831726  1999503360      129394          81           0           0          -1          -1           1       56947           0           0           1           1           0
p 059           1 0 -1757347623      178396           9           0    1.130000    0.000000    0.000000    0.498303    0.867003 2893.606934 2779.572021   23.900902  1999503360           0         345           1           1          -1          -1           1      178396           0           0           1           1           0
p 059           1 0 -1756036917        4580           9           0    1.350000    0.000000    0.000000    0.392410   -0.919790 2940.756104 2799.822998   24.004337  1999503360           0         345           0           1          -1          -1           1        4580           0           0           1           1           0
p 059           1 0 -1755905877       84536           8           0    1.400000    0.004162   -0.001892    0.935310   -0.353801 3017.213623 2818.715088   24.415960  1999503360           0           0 -2091504072           0          -1          -1           1       84536           0           0           1           1           0
p 059           1 0 -1755840365        3533           8           0    1.350000    0.000000    0.000000    0.810757    0.585383 2947.706787 2792.572754   23.945293  1999503360      129394         460           1           1          -1          -1           1        3533           0           0           1           1           0
p 059           1 0 -1755774863        3739           8           0    1.300000    0.000000    0.000000    0.267594    0.963532 2959.910889 2798.617920   23.945343  1999503360      129386         460           1           1          -1          -1           1        3739           0           0           1           1           0
p 059           1 0 -1755709351        5014           8           0    1.000000    0.000000    0.000000    0.024231   -0.999706 2931.093994 2763.358154   45.876450  1999503360       62731         560           1           1          -1          -1           1        5014           0           0           1           1           0
p 059           1 0 -1755643871      123714          24           0    1.000000    0.000028    0.000063    0.382683    0.923880 2965.149658 2834.932617   24.045643  1999503360       62731          77  1065353216           0          -1          -1           1      123714           0           0           1           1           0
p 059           1 0 -1755578073      123715          24           0    1.000000    0.000028    0.000063    0.382683    0.923880 2982.040527 2851.403809   24.496334  1999503360       62731          77   981663744           0          -1          -1           1      123715           0           0           1           1           0
p 059           1 0 -1755512538      123716          24           0    1.000000    0.000028    0.000063    0.382683    0.923880 2982.223877 2818.409180   23.981434  1999503360       62731          77   981663744           0          -1          -1           1      123716           0           0           1           1           0
p 059           1 0 -1755447003      123717          24           0    1.000000    0.000028    0.000063    0.382683    0.923880 2998.413330 2835.341553   24.368046  1999503360       62731          77   981663744           0          -1          -1           1      123717           0           0           1           1           0
p 059           1 0 -1755381486      103719           8           0    1.000000    0.000000    0.000000    0.011603    0.999933 2981.230469 2785.814453   23.945313  1999503360       62731          77   981663744           0          -1          -1           1      103719           0           0           1           1           0
p 059           1 0 -1755316118      178362           9           0    1.130000    0.000000    0.000000    0.999135   -0.041591 3033.237061 2725.401367   23.973555  1999503360       62731          81           0           0          -1          -1           1      178362           0           0           1           1           0
p 059           1 0 -1754332835       84538           8           0    1.400000    0.000000    0.000000    0.812914    0.582383 3010.616699 2706.845703   23.945313  1999503360           0         345           0           1          -1          -1           1       84538           0           0           1           1           0
p 059           1 0 -1754267300        5013           8           0    1.000000    0.000000    0.000000    0.772864    0.634572 3022.843750 2698.892578   37.199734  1999503360      129394         560           1           0          -1          -1           1        5013           0           0           1           1           0
p 059           1 0 -1754201765      212510           9           0    1.000000    0.000000    0.000000    0.000000    1.000000 2918.468262 2717.686279   23.649618  1999503360      129394          77  1065353216           0          -1          -1           1      212510           0           0           1           1           0
p 059           1 0 -1754136230      141650           8           0    1.130000    0.001034    0.003574    0.670139    0.742227 2969.259521 2677.197510   23.745796  1999503360      129394         460           1           1          -1          -1           1      141650           0           0           1           1           0
p 059           1 0 -1754070695      141652           8           0    1.130000   -0.030398   -0.007969   -0.629783    0.776135 2969.557373 2682.104736   23.839273  1999503360       62731         460           1           0          -1          -1           1      141652           0           0           1           1           0
p 052  1999503360           0          47          42       19947          -1          -1          -1          -1           0          -1          -1           0          -1      132856          -1      160591       87030       78368       71150          54          54           0          23          63          96          96  120.019287  126.457520   27.891876  128.838867  133.274170   41.332329  120.019287  126.457520   26.408272  128.838867  133.274170   42.815933        2362           0           0           0           9  2005532726       33342    0.000000    0.000000    0.000000    1.000000 2820.000000 2520.000000    0.000000          -1          -1
p 068  2005532726       33342    0.000000    0.000000    0.000000    1.000000 2820.000000 2520.000000    0.000000  1999503360           2
p 052  1999503360           0          43          42       19947          -1          -1          -1          -1           0          -1          -1           0          -1      132856          -1      160591       87030       78368       71150          55          55           0          -1          63          96          96  120.920288  118.929260   20.208996  125.859497  128.592224   36.578388  120.920288  118.929260   20.208996  125.859497  128.592224   36.578388         208           0           0           0           9  2005598263        1904    0.000000    0.000000    0.000000    1.000000 2580.000000 2520.000000    0.000000          -1          -1
p 068  2005598263        1904    0.000000    0.000000    0.000000    1.000000 2580.000000 2520.000000    0.000000  1999503360           2
p 059           1 0 -2024275967      213414           0           0    1.000000    0.000000    0.000000    0.000000    1.000000 2911.914307 2701.931396   23.775848  1999503360          -1      160591       87030       78368          -1          -1           1      213414           0           0           1           1           0
p 059           1 0 -2024341502      110982           0           0    1.130000    0.000000    0.000000   -0.433845    0.900988 3007.197754 2712.854004   23.765160  1999503360          -1      160591       87030       78368          -1          -1           1      110982           0           0           1           1           0
p 059           1 0 -2024407035      213413           0           0    1.000000    0.000000    0.000000    0.028657    0.999589 2982.561035 2561.852539    0.500000  1999503360          -1         341           1           0          -1          -1           1      213413           0           0           1           1           0
p 059           0 1 -1754857457        4256          26           1    0.000000    0.000000    0.000000    0.028657    0.999589 2982.561035 2561.852539    0.500000  1999503360 -1755316118          20           6           0           2 -1533914304          -1          -1           1           0           0           0           0
p 059           0 1 -1754922984        3799          26           1    0.000000    0.000000    0.000000    0.000000   -0.000000    0.000000 2561.852539    0.000000  1082130432 -1755316118          20           5           0           2  1612257704          -1          -1           1           0           0           0           0
p 059           0 1 -1754988509      139095          26           1    0.000000    0.000000    0.000000    0.000000   -0.000000    0.000000 2561.852539    0.000000  1077936128 -1755316118          20           4           0           2  -136816475          -1          -1           3           0           0           0           0
p 059           0 1 -1755054036        4810          26           1   43.000000    0.000000    0.000000    0.000000    0.000037    0.000000 2561.852539    0.000000 -2147483648 -1755316118          20           3           0           2  1905179475          -1          -1           3           0           0           0           0
p 059           0 1 -1755119568      139102          26           1    0.089966    0.000000    0.000000    0.000000    0.383301    0.000000 2561.852539    0.000000 -1668238174 -1755316118          20           2           0           2  -635269583          -1          -1           3           0           0           0           0
p 059           0 1 -1755185099        6421          26           1    1.000000    0.000000    0.000000    0.000000    2.000000    0.000000    0.000000    0.000000  1065353216 -1755316118          20           1           0           2    88665051          -1          -1           1           0           0           0           0
p 059           0 1 -1755250630        5254          26           1    0.000000    0.000000    0.000000    0.000000    4.000000    0.000000    0.000000    0.000000  1082130432 -1755316118          20           0           0           2 -1266506293          -1          -1           1           0           0           0           0
p 059           0 1 -1756889028        3799          26           1 -361948103369297240000000000.000000    0.000000    0.000000    0.000000   -0.000000    0.000000    0.000000    0.000000           1 -1757347623          20           6           0           2  1612257704          -1          -1           4           0           0           0           0
p 059           0 1 -1756954534        5451          26           1    0.250000    0.000000    0.000000    0.000000    1.000000    0.000000    0.000000    0.000000 -1843432756 -1757347623          20           5           0           2  -101312757          -1          -1           2           0           0           0           0
p 059           0 1 -1757085587        5516          26           1    2.000000    0.000000    0.000000    0.000000    1.000000    0.000000    0.000000    0.000000  1088421888 -1757347623          20           3           0           2  -270938921          -1          -1           1           0           0           0           0
p 059           0 1 -1757020043        3903          26           1    2.000000    0.000000    0.000000    0.000000    2.000000    0.000000    0.000000    0.000000  1084227584 -1757347623          20           4           0           2 -1303415302          -1          -1           3           0           0           0           0
p 059           0 1 -1757151108        4645          26           1    2.000000    0.000000    0.000000    0.000000    2.000000    0.000000    0.000000    0.000000  1073741824 -1757347623          20           2           0           2 -1656026178          -1          -1           3           0           0           0           0
p 059           1 0 -2022899581        4675          16           0    1.000000    0.000000    0.000000    0.000000    1.000000 2929.943604 2611.947754    0.499802  1999503360           2         293   835767505           0          -1          -1           1        4675           0           0           1           1           0
p 059           1 0 -2023227246        4675          16           0    1.000000    0.000000    0.000000   -0.701369    0.712798 2969.196045 2587.910400    0.499771  1999503360           2          67           0           0          -1          -1           1        4675           0           0           1           1           0
p 059           0 1 -1757216612        6319          26           1    0.000000    0.000000    0.000000    0.000000    0.000000    0.000000    0.000000    0.000000           1 -1757347623          20           1           0           2  1700547783          -1          -1           2           0           0           0           0
p 059           0 1 -1757282132        3245          26           1    2.000000    0.000000    0.000000    0.000000    2.000000    0.000000    0.000000    0.000000  1095761920 -1757347623          20           0           0           2  1661412390          -1          -1           3           0           0           0           0
p 059           0 1 -1756430161        5254          26           1    2.000000    0.000000    0.000000    0.000000    1.000000    0.000000    0.000000    0.000000  1073741824 -1757347623          20          13           0           2 -1266506293          -1          -1           1           0           0           0           0
p 059           0 1 -1756495564        5259          26           1   -0.000000    0.000000    0.000000    0.000000   -0.000000    0.000000    0.000000    0.000000           1 -1757347623          20          12           0           2  1815806857          -1          -1           1           0           0           0           0
p 059           0 1 -1756561099       56323          26           1    4.000000    0.000000    0.000000    0.000000    6.000000    0.000000    0.000000    0.000000  1043202048 -1757347623          20          11           0           2  -875944878          -1          -1           3           0           0           0           0
p 059           0 1 -1756626634        4825          26           1    2.000000    0.000000    0.000000    0.000000   -0.000000    0.000000    0.000000    0.000000 -2147483648 -1757347623          20          10           0           2 -1512732138          -1          -1           3           0           0           0           0
p 059           0 1 -1756692168        3350          26           1 -127293346266138800000.000000    0.000000    0.000000    0.000000   -0.000000    0.000000    0.000000    0.000000  1084227584 -1757347623          20           9           0           2  -733831369          -1          -1           3           0           0           0           0
p 059           0 1 -1756757701        3432          26           1    0.233276    0.000000    0.000000    0.000000    0.000000    0.000000    0.000000    0.000000 -2147483648 -1757347623          20           8           0           2  2140880151          -1          -1           1           0           0           0           0
p 059           0 1 -1756823232        4256          26           1   -0.000000    0.000000    0.000000    0.000000   -0.000000    0.000000    0.000000    0.000000  1084227584 -1757347623          20           7           0           2 -1533914304          -1          -1           3           0           0           0           0
p 059           0 1 -1754463906        5259          26           1    0.250000    0.000000    0.000000    0.000000    0.000000    0.000000    0.000000    0.000000 -2147483648 -1755316118          20          11           0           2  1815806857          -1          -1           3           0           0           0           0
p 059           0 1 -1754529441       56323          26           1    4.000000    0.000000    0.000000    0.000000    6.000000    0.000000    0.000000    0.000000  1043202048 -1755316118          20          10           0           2  -875944878          -1          -1           3           0           0           0           0
p 059           0 1 -1754594976        4825          26           1 -127293346266138800000.000000    0.000000    0.000000    0.000000   -0.000000    0.000000    0.000000    0.000000  1084227584 -1755316118          20           9           0           2 -1512732138          -1          -1           3           0           0           0           0
p 059           0 1 -1754660511        3350          26           1    0.000000    0.000000    0.000000    0.000000   -0.000000    0.000000    0.000000    0.000000  1086324736 -1755316118          20           8           0           2  -733831369          -1          -1           2           0           0           0           0
p 059           0 1 -1754726046        3432          26           1 3718.353027    0.000000    0.000000    0.000000   -0.000000    0.000000    0.000000    0.000000  1082130432 -1755316118          20           7           0           2  2140880151          -1          -1           3           0           0           0           0
p 059           1 0 -1758789603      176779           0           0    1.000000    0.000000    0.000000    0.922040   -0.387094 3026.481934 2856.695068   23.945328  1999503360           0      123152           1   184116548          -1          -1           1      176779           0           0           1           1           0
p 059           1 0 -1759969099        4675          16           0    1.000000    0.000000    0.000000    0.000000    1.000000 2944.487061 2863.539795   23.797028  1999503360           0      123152           1   184116548          -1          -1           1        4675           0           0           1           1           0
p 059           1 0 -1759444961      176779           0           0    1.000000    0.000000    0.000000    0.179186    0.983815 2877.517822 2854.925537   23.945316  1999503360           0          67           0   184116548          -1          -1           1      176779           0           0           1           1           0
p 059           1 0 -2022899581        4675          16           0    1.000000    0.000000    0.000000    0.000000    1.000000 2929.943604 2611.947754    0.499802  1999503360           0          67           0   184116548          -1          -1           1        4675           0           0           1           1           0
p 059           1 0 -1760296670      176777           0           0    1.000000    0.000000    0.000000    0.985925   -0.167186 2868.192627 2864.133545   23.945324  1999503360           0          67           0   184116548          -1          -1           1      176777           0           0           1           1           0
p 059           1 0 -1758527196      176760           0           0    1.000000    0.000000    0.000000    0.000000    1.000000 2869.783203 2855.082764   23.945320  1999503360           0          67           0   184116548          -1          -1           1      176760           0           0           1           1           0
p 059           1 0 -1760493547        4675          16           0    1.000000    0.000000    0.000000    0.000000    1.000000 2841.564209 2851.995117   23.945328  1999503360           0          67           0   184116548          -1          -1           1        4675           0           0           1           1           0
p 059           1 0 -1759772524      176772           0           0    1.000000    0.000000    0.000000   -0.528557    0.848898 2860.289063 2859.434082   23.945324  1999503360           0          67           0   184116548          -1          -1           1      176772           0           0           1           1           0
p 059           1 0 -1759379288        4675          16           0    1.000000    0.000000    0.000000    0.000000    1.000000 2845.436279 2857.006836   23.945313  1999503360           0          67           0   184116548          -1          -1           1        4675           0           0           1           1           0
p 059           1 0 -1758592707        6312           0           0    1.000000    0.000000    0.000000    0.978940   -0.204147 2820.004883 2872.143066   23.945313  1999503360           0          67           0   184116548          -1          -1           1        6312           0           0           1           1           0
p 059           1 0 -1758658550      205665           0           0    1.130000    0.000000    0.000000    0.000000    1.000000 2847.291504 2845.496826   23.903776  1999503360           0      123152           1   184116548          -1          -1           1      205665           0           0           1           1           0
p 059           1 0 -1753939625      176763           0           0    1.000000    0.000000    0.000000    0.863353    0.504600 2815.123535 2862.261963   24.048912  1999503360      129394         460           1           1          -1          -1           1      176763           0           0           1           1           0
p 059           1 0 -1760755672        4675          16           0    1.000000    0.000000    0.000000    0.928714   -0.370797 2842.757324 2872.921143   23.945320  1999503360      129394         460           1           1          -1          -1           1        4675           0           0           1           1           0
p 059           1 0 -1752956579      182479           8           0    1.130000    0.000000    0.000000    0.383734    0.923444 2832.804443 2864.617676   23.945313  1999503360      129394          67           0           1          -1          -1           1      182479           0           0           1           1           0
p 059           1 0 -1759510456        3795          16           0    1.000000    0.000000    0.000000    0.000000    1.000000 2837.500000 2882.500000   23.945313  1999503360       62731         560           1           1          -1          -1           1        3795           0           0           1           1           0
p 059           1 0 -1752891045        4675          24           0    1.000000    0.000000    0.000000    0.240059   -0.970758 2936.420898 2843.415039   23.831726  1999503360           0      123152           1  -812165274          -1        4675           1        4675           0           0           0           0           0
p 059           1 0 -1752825508      195784           8           0    1.000000    0.000000    0.000000    0.572838    0.819669 2931.454590 2851.744629   28.250633  1999503360           0      123152           1  -812165274          -1      195784           1      195784           0           0           0           0           0
p 059           1 0 -1758920659      112131           0           0    1.000000    0.000000    0.000000    0.402159    0.915570 3025.000000 2806.379639   24.152481  1999503360           0      123152           1  -812165274          -1          -1           1      112131           0           0           1           1           0
p 059           1 0 -1759248304        4675          16           0    1.000000    0.000000    0.000000    0.000000    1.000000 3013.640625 2800.702637   23.945320  1999503360           0          67           0  -812165274          -1          -1           1        4675           0           0           1           1           0
p 059           1 0 -1757675397      141508           0           0    1.130000    0.000000    0.000000    0.996325   -0.085653 3020.593506 2812.791992   23.945313  1999503360           0          67           0  -812165274          -1          -1           1      141508           0           0           1           1           0
p 059           1 0 -1752759975      212510           9           0    1.000000    0.000000    0.000000    0.000000    1.000000 2918.468262 2717.686279   23.649618  1999503360      129394         460           1           1          -1          -1           1      212510           0           0           1           1           0
p 059           1 0 -1752366755      195785           8           0    1.000000    0.000000    0.000000    0.572838    0.819669 2931.454590 2851.744629   28.250633  1999503360          -1          -1           1       56947          -1      195785           1      195785           0           0           0           0           0
p 059           1 0 -2023227246        4675          16           0    1.000000    0.000000    0.000000   -0.701369    0.712798 2969.196045 2587.910400    0.499771  1999503360           0      123152           1   905679886          -1          -1           1        4675           0           0           1           1           0
p 059           1 0 -2024341502      110982           0           0    1.130000    0.000000    0.000000   -0.433845    0.900988 3007.197754 2712.854004   23.765160  1999503360           0          67           0   905679886          -1          -1           1      110982           0           0           1           1           0
p 059           1 0 -1760755672        4675          16           0    1.000000    0.000000    0.000000    0.928714   -0.370797 2842.757324 2872.921143   23.945320  1999503360          -1          -1           1       56947          -1          -1           1        4675           0           0           1           1           0
p 059           1 0 -1751318224      180941          24           0    1.000000    0.000000    0.000000    0.000000    1.000000 2953.103516 2840.071533   23.903671  1999503360           0          67           0       56947          -1          -1           1      180941           0           0           1           1           0
p 059           1 0 -1751252962      195172           9           0    1.000000    0.000000    0.000000    0.000000    1.000000 2934.231445 2830.266846   23.689312  1999503360           0          77   981663744           0          -1          -1           1      195172           0           0           1           1           0
p 059           1 0 -1751187154      195171           9           0    1.000000    0.000000    0.000000    0.007958    0.999968 2929.847168 2864.721924   23.739639  1999503360      129386         460           1           1          -1          -1           1      195171           0           0           1           1           0
p 059           1 0 -1751121659      195170           9           0    1.000000    0.000000    0.000000    0.000000    1.000000 2932.125977 2852.029541   23.837061  1999503360      129386         460           1           1          -1          -1           1      195170           0           0           1           1           0
p 059           1 0 -1751056035      158681           8           0    1.500000    0.000000    0.000000   -0.283309    0.959029 2941.700439 2866.867432   23.797043  1999503360      129386         460           1           1          -1          -1           1      158681           0           0           1           1           0
p 059           1 0 -1750990516      182479           8           0    1.130000    0.000000    0.000000    0.383734    0.923444 2832.804443 2864.617676   23.945313  1999503360      129386          77   981663744           0          -1          -1           1      182479           0           0           1           1           0
p 059           1 0 -1759510456        3795          16           0    1.000000    0.000000    0.000000    0.000000    1.000000 2837.500000 2882.500000   23.945313  1999503360           0      123152           1  -812165274          -1          -1           1        3795           0           0           1           1           0
p 059           1 0 -1758920659      112131           0           0    1.000000    0.000000    0.000000    0.402159    0.915570 3025.000000 2806.379639   24.152481  1999503360           0      123152           1  -381601186          -1          -1           1      112131           0           0           1           1           0
p 059           1 0 -1759248304        4675          16           0    1.000000    0.000000    0.000000    0.000000    1.000000 3013.640625 2800.702637   23.945320  1999503360           0          67           0  -381601186          -1          -1           1        4675           0           0           1           1           0
p 059           1 0 -1757675397      141508           0           0    1.130000    0.000000    0.000000    0.996325   -0.085653 3020.593506 2812.791992   23.945313  1999503360           0          67           0  -381601186          -1          -1           1      141508           0           0           1           1           0
p 059           1 0 -1759510456        3795          16           0    1.000000    0.000000    0.000000    0.000000    1.000000 2837.500000 2882.500000   23.945313  1999503360      129394         460           1           1          -1          -1           1        3795           0           0           1           1           0
p 059           1 0 -1750990516      182479           0           0    1.130000    0.000000    0.000000    0.383734    0.923444 2832.804443 2864.617676   23.945313  1999503360      129394          77   981663744           0          -1          -1           1      182479           0           0           1           1           0
p 059           0 1 -1750794069        5281          26           1 3529139271035390700000000000000000.000000    0.000000    0.000000    0.000000    0.000000    1.000000    0.000000    0.000000           0  2024210513           0           1           0           2   365490250          -1          -1           5           0           0           0           0
p 059           0 1 -1750728539        5281          26           1 3529139271035390700000000000000000.000000    0.000000    0.000000    0.000000    0.000000    1.000000    0.000000    0.000000           0  2024210513           0           2           0           2   365490250          -1          -1           5           0           0           0           0
p 059           1 0 -1750662823       84536           8           0    1.400000    0.004162   -0.001892    0.935310   -0.353801 3017.213623 2818.715088   24.415960  1999503360           0      123152           1  -381601186          -1          -1           1       84536           0           0           1           1           0
p 059           1 0 -1750597285      212510           9           0    1.000000    0.000000    0.000000    0.000000    1.000000 2918.468262 2717.686279   23.649618  1999503360      129394         460           1           1          -1          -1           1      212510           0           0           1           1           0
p 059           1 0 -1758920659      112131           0           0    1.000000    0.000000    0.000000    0.402159    0.915570 3025.000000 2806.379639   24.152481  1999503360      129394         460           1           1          -1          -1           1      112131           0           0           1           1           0
p 059           1 0 -1759248304        4675          16           0    1.000000    0.000000    0.000000    0.000000    1.000000 3013.640625 2800.702637   23.945320  1999503360      129394          67           0           1          -1          -1           1        4675           0           0           1           1           0
p 059           1 0 -1757675397      141508           0           0    1.130000    0.000000    0.000000    0.996325   -0.085653 3020.593506 2812.791992   23.945313  1999503360      129394          67           0           1          -1          -1           1      141508           0           0           1           1           0
p 059           1 0 -2023161711        4675          16           0    1.000000    0.000078    0.000078    0.707107    0.707107 2918.627930 2607.905029    0.595879  1999503360           0      123152           1 -1587096077          -1          -1           1        4675           0           0           1           1           0
p 059           1 0 -1750531764      212511           9           0    1.000000    0.015398    0.004764    0.062026    0.997944 2920.424316 2687.380127   23.642536  1999503360           0          67           1 -2013977798          -1          -1           1      212511           0           0           1           1           0
p 059           1 0 -1750466348      141652           8           0    1.130000   -0.030398   -0.007969   -0.629783    0.776135 2969.557373 2682.104736   23.839273  1999503360      129394         460           1           1          -1          -1           1      141652           0           0           1           1           0
p 059           1 0 -1759051720        4675          16           0    1.000000    0.000000    0.000000    0.000000    1.000000 2990.737793 2828.897217   23.945328  1999503360          -1           2           1        6526          -1          -1           1        4675           0           0           1           1           0
p 059           1 0 -1750400720       84536           8           0    1.400000    0.004162   -0.001892    0.935310   -0.353801 3017.213623 2818.715088   24.415960  1999503360           0      123152           1  -509266845          -1          -1           1       84536           0           0           1           1           0
p 059           1 0 -2024341502      110982           0           0    1.130000    0.000000    0.000000   -0.433845    0.900988 3007.197754 2712.854004   23.765160  1999503360      129394         460           1           1          -1          -1           1      110982           0           0           1           1           0
p 059           1 0 -1757675397      141508           0           0    1.130000    0.000000    0.000000    0.996325   -0.085653 3020.593506 2812.791992   23.945313  1999503360      129394         341           1           0          -1          -1           1      141508           0           0           1           1           0
p 059           1 0 -2023227246        4675          16           0    1.000000    0.000000    0.000000   -0.701369    0.712798 2969.196045 2587.910400    0.499771  1999503360      129394         460           1           1          -1          -1           1        4675           0           0           1           1           0
p 059           1 0 -1757871879        5502           0           0    1.000000    0.000000    0.000000   -0.792499    0.609874 2970.149414 2860.753906   23.945313  1999503360      129394          67           0           1          -1          -1           1        5502           0           0           1           1           0
p 059           1 0 -1760296670      176777           0           0    1.000000    0.000000    0.000000    0.985925   -0.167186 2868.192627 2864.133545   23.945324  1999503360      129394          77   981663744           0          -1          -1           1      176777           0           0           1           1           0
p 059           1 0 -1758527196      176760           0           0    1.000000    0.000000    0.000000    0.000000    1.000000 2869.783203 2855.082764   23.945320  1999503360      129394          77   981663744           0          -1          -1           1      176760           0           0           1           1           0
p 059           1 0 -1755447003      123717          16           0    1.000000    0.000028    0.000063    0.382683    0.923880 2998.413330 2835.341553   24.368046  1999503360      129394          77   981663744           0          -1          -1           1      123717           0           0           1           1           0
p 059           1 0 -1755578073      123715          16           0    1.000000    0.000028    0.000063    0.382683    0.923880 2982.040527 2851.403809   24.496334  1999503360      129394          77   981663744           0          -1          -1           1      123715           0           0           1           1           0
p 059           1 0 -1760428023      110982           0           0    1.130000    0.000000    0.000000    0.949643    0.313333 2979.582764 2867.991699   24.000217  1999503360      129394          77   981663744           0          -1          -1           1      110982           0           0           1           1           0
p 059           1 0 -1760493547        4675          16           0    1.000000    0.000000    0.000000    0.000000    1.000000 2841.564209 2851.995117   23.945328  1999503360      129394         341           1           0          -1          -1           1        4675           0           0           1           1           0
p 059           1 0 -1757609901      151756           0           0    1.130000    0.000000    0.000000    0.194266    0.980949 2972.106934 2869.525635   23.931862  1999503360      129394          67           0           0          -1          -1           1      151756           0           0           1           1           0
p 059           1 0 -1759772524      176772           0           0    1.000000    0.000000    0.000000   -0.528557    0.848898 2860.289063 2859.434082   23.945324  1999503360      129394         341           1           0          -1          -1           1      176772           0           0           1           1           0
p 059           1 0 -1759379288        4675          16           0    1.000000    0.000000    0.000000    0.000000    1.000000 2845.436279 2857.006836   23.945313  1999503360      129394         341           1           0          -1          -1           1        4675           0           0           1           1           0
p 059           1 0 -1758592707        6312           0           0    1.000000    0.000000    0.000000    0.978940   -0.204147 2820.004883 2872.143066   23.945313  1999503360      129394          67           0           0          -1          -1           1        6312           0           0           1           1           0
p 059           1 0 -1758133948        4675          16           0    1.000000    0.000000    0.000000    0.000000    1.000000 2989.969727 2849.609131   23.945320  1999503360      129394          69           1           0          -1          -1           1        4675           0           0           1           1           0
p 059           1 0 -1750007599       84538           8           0    1.400000    0.000000    0.000000    0.812914    0.582383 3010.616699 2706.845703   23.945313  1999503360           0          67           1   900245653          -1          -1           1       84538           0           0           1           1           0
p 059           1 0 -1760231153      156111          16           0    1.000000    0.000000    0.000000    0.000000    1.000000 3002.507080 2843.754883   23.945313  1999503360      129394         560           1           0          -1          -1           1      156111           0           0           1           1           0
p 059           1 0 -1749942194       79985           8           0    1.000000    0.000000    0.000000    0.905716   -0.423885 2998.968506 2898.613525   51.096687  1999503360      129394          77   981663744           0          -1          -1           1       79985           0           0           1           1           0
p 059           1 0 -2024407035      213413           0           0    1.000000    0.000000    0.000000    0.028657    0.999589 2982.561035 2561.852539    0.500000  1999503360           0      123152           1  -381601186          -1          -1           1      213413           0           0           1           1           0
p 059           1 0 -1760559082      176755           0           0    1.000000    0.000000    0.000000    0.000000    1.000000 3020.223633 2861.322021   23.945328  1999503360           0      123152           1  -381601186          -1          -1           1      176755           0           0           1           1           0
p 059           1 0 -1758789603      176779           0           0    1.000000    0.000000    0.000000    0.922040   -0.387094 3026.481934 2856.695068   23.945328  1999503360           0      123152           1  -381601186          -1          -1           1      176779           0           0           1           1           0
p 059           1 0 -1753939625      176763           0           0    1.000000    0.000000    0.000000    0.863353    0.504600 2815.123535 2862.261963   24.048912  1999503360           0      123152           1  -381601186          -1          -1           1      176763           0           0           1           1           0
p 059           1 0 -1749876389      178362           9           0    1.130000    0.000000    0.000000    0.999135   -0.041591 3033.237061 2725.401367   23.973555  1999503360           0      123152           1  -381601186          -1          -1           1      178362           0           0           1           1           0
p 052  1999503360          27          23          46       19938       19933          -1          -1          -1          -1          -1          -1          -1          -1      137975          -1      160934       87030       50549       71150         156         156           0          -1          63          96          96  130.025940  115.700424   28.100021  136.901978  124.299637   47.631088  130.025940  115.700424   28.100021  136.901978  124.299637   47.631088        1513         515           0           0           0  2012217500       93992    0.000000    0.000000    0.000000    1.000000 1380.000000 2760.000000   27.000000          -1          -1
p 068  2012217500       93992    0.000000    0.000000    0.000000    1.000000 1380.000000 2760.000000   27.000000  1999503360           0
p 052  1999503360          27          23          38       91324          -1          -1          -1          -1          -1          -1          -1          -1          -1      137975          -1      160591       87030       50549       71150         154         154           0          -1          63          96          96  120.000038  127.102142    6.175098  120.000160  127.102142   45.697227  120.000038  127.102142    6.175110  120.000160  127.102142   45.697239           0           0           0           0           0  2012086426       93996    0.000000    0.000000    0.000000    1.000000 1380.000000 2280.000000   27.000000          -1          -1
p 068  2012086426       93996    0.000000    0.000000    0.000000    1.000000 1380.000000 2280.000000   27.000000  1999503360           0
p 052  1999503360          27          23          42       19933          -1          -1          -1          -1          -1          -1          -1          -1          -1      137975          -1      160934       87030       50549       71150         155         155           0          -1          63          96          96  117.983521  115.520416   14.543209  142.909454  131.295685   63.588688  117.983521  115.520416   28.072266  142.909454  131.295685   77.117737        1281           0           0           0           0  2012151963       93994    0.000000    0.000000    0.000000    1.000000 1380.000000 2520.000000   27.000000          -1          -1
p 068  2012151963       93994    0.000000    0.000000    0.000000    1.000000 1380.000000 2520.000000   27.000000  1999503360           0
p 052  1999503360          27          19          42       91324          -1          -1          -1          -1          -1          -1          -1          -1          -1      137975          -1      160591       87030       50549       71150         159         159           0          -1          63          96          96  126.565430  130.043427   38.750263  126.565918  130.043579   39.856228  126.565430  130.043427   38.750263  126.565918  130.043579   39.856228           0           0           0           0           0  2012414111       94000    0.000000    0.000000    0.000000    1.000000 1140.000000 2520.000000   27.000000          -1          -1
p 068  2012414111       94000    0.000000    0.000000    0.000000    1.000000 1140.000000 2520.000000   27.000000  1999503360           0
p 052  1999503360          27          19          46       19938       19933          -1          -1          -1          -1          -1          -1          -1          -1      137975          -1      160934       87030       50549       71150         161         161           0          -1          63          96          96  129.678284  109.356171   57.876919  129.678772  130.644440   37.603214  129.678284  109.356171   56.757820  129.678772  130.644440   38.722313         112           0           0           0           0  2012545185       93998    0.000000    0.000000    0.000000    1.000000 1140.000000 2760.000000   27.000000          -1          -1
p 068  2012545185       93998    0.000000    0.000000    0.000000    1.000000 1140.000000 2760.000000   27.000000  1999503360           0
p 059           1 0 -1748893346        4675          24           0    1.000000    0.000000    0.000000    0.000000    1.000000 1477.594971 2850.071533   58.124146  1999503360          -1      160934       87030       50549          -1          -1           1        4675           0           0           1           1           0
p 059           1 0 -1748827809        5502           8           0    1.000000    0.000000    0.000000    0.000000    1.000000 1436.729004 2849.900635   55.914749  1999503360          -1          67           0       50549          -1          -1           1        5502           0           0           1           1           0
p 059           1 0 -1748762272        4675          24           0    1.000000    0.000000    0.000000    0.000000    1.000000 1432.590942 2848.433594   55.545616  1999503360          -1          77   981663744           0          -1          -1           1        4675           0           0           1           1           0
p 059           1 0 -1748696735        6442           8           0    1.000000   -0.021436   -0.017538    0.147814    0.988627 1478.027710 2849.782715   57.447144  1999503360          -1          67           0           0          -1          -1           1        6442           0           0           1           1           0
p 059           1 0 -1748631198      176002          24           0    0.792836    0.000000    0.000000    0.000000    1.000000 1426.102173 2849.791016   55.678902  1999503360          -1          77   981663744           0          -1          -1           1      176002           0           0           1           1           0
p 059           1 0 -1748500456       86428           8           0    1.000000    0.000000    0.000000    0.000000    1.000000 1401.231201 2783.452148   57.109245  1999503360          -1          81           0           0          -1          -1           1       86428           0           0           1           1           0
p 059           1 0 -1748434909       86428           8           0    1.000000    0.000000    0.000000    0.000000    1.000000 1409.063721 2783.452148   57.109245  1999503360          -1          77   981663744           0          -1          -1           1       86428           0           0           1           1           0
p 059           1 0 -1748369364       86400           8           0    0.767000    0.000000    0.000000   -0.382683    0.923880 1453.584961 2792.189209   60.378174  1999503360          -1          77   981663744           0          -1          -1           1       86400           0           0           1           1           0
p 059           1 0 -1748303824       86400           8           0    0.767000    0.000000    0.000000   -0.382683    0.923880 1492.249023 2845.052246   60.378174  1999503360          -1          77   981663744           0          -1          -1           1       86400           0           0           1           1           0
p 059           1 0 -1748238283       86428           8           0    0.767000    0.000000    0.000000    0.374081    0.927396 1438.238403 2792.189209   60.378174  1999503360          -1          77   981663744           0          -1          -1           1       86428           0           0           1           1           0
p 059           1 0 -1748172742      187419          24           0    1.200000    0.000000    0.000000    0.701487    0.712682 1479.970337 2892.572754   55.726734  1999503360          -1          77   981663744           0          -1          -1           1      187419           0           1           0           0           0
p 059           1 0 -1748106926       86428           8           0    1.000000    0.000000    0.000000    0.000000    1.000000 1464.747070 2873.070313   57.109249  1999503360          -1          77   981663744           0          -1          -1           1       86428           0           0           1           1           0
p 059           1 0 -1748041391       86428           8           0    1.000000    0.000000    0.000000   -0.382683    0.923880 1464.747070 2824.906006   57.109245  1999503360          -1          77   981663744           0          -1          -1           1       86428           0           0           1           1           0
p 059           1 0 -1747975856       86400           8           0    0.767000    0.000000    0.000000   -0.405134    0.914258 1492.249023 2852.912109   60.378174  1999503360          -1          77   981663744           0          -1          -1           1       86400           0           0           1           1           0
p 059           1 0 -1747910310       86428           8           0    1.000000    0.000000    0.000000    0.000000    1.000000 1464.747070 2833.474854   57.109245  1999503360          -1          77   981663744           0          -1          -1           1       86428           0           0           1           1           0
p 059           1 0 -1747844795       86400           8           0    1.000000    0.000000    0.000000   -0.382683    0.923880 1448.965454 2841.745361   61.268524  1999503360          -1          77   981663744           0          -1          -1           1       86400           0           0           1           1           0
p 059           1 0 -1747779270       64271           8           0    1.000000    0.000000    0.000000    0.916487   -0.400065 1546.806152 2814.269775   54.523163  1999503360          -1          77   981663744           0          -1          -1           1       64271           0           0           0           0           0
p 059           1 0 -1747713752       86428           8           0    1.000000    0.000000    0.000000   -0.382683    0.923880 1448.965454 2857.692139   61.268524  1999503360          -1          77   981663744           0          -1          -1           1       86428           0           0           1           1           0
p 059           1 0 -1747648226       86428           8           0    1.000000    0.000000    0.000000   -0.382683    0.923880 1464.747070 2864.501465   57.109245  1999503360          -1          77   981663744           0          -1          -1           1       86428           0           0           1           1           0
p 059           1 0 -1747517181        5991          24           0    1.000000    0.000000    0.000000    0.000000    1.000000 1505.944824 2721.024658   65.567535  1999503360          -1          77   981663744           0          -1          -1           1        5991           0           0           1           1           0
p 059           1 0 -1747386205      182738          24           0    1.659462   -0.308825   -0.653483   -0.333380    0.605347 1425.811279 2716.384033   44.073257  1999503360          -1          77   981663744           0          -1          -1           1      182738           0           0           1           1           0
p 052  1999503360          27          27          46      101351       19929          -1          -1          -1          -1          -1          -1          -1          -1      137975          -1      160591       87030       50549       71150         152         152           0          -1          63          96          96  120.879822  124.414200   20.973587  141.514832  134.452621   49.974831  120.879822  124.414200   20.973587  141.514832  134.452621   49.974831         592        1067           0           0           1  2011955352       90293    0.000000    0.000000    0.000000    1.000000 1620.000000 2760.000000   27.000000          -1          -1
p 068  2011955352       90293    0.000000    0.000000    0.000000    1.000000 1620.000000 2760.000000   27.000000  1999503360           0
p 059           1 0 -1747254949       64271           8           0    1.000000    0.000000    0.000000    0.030238    0.999543 1367.613647 2887.938232   55.285278  1999503360           0      160591           1 -1462751523          -1          -1           1       64271           0           0           0           0           0
