v 1
# ENTER WORLD  1999896582 (sno:       60713) at   88.750000  161.250000    0.100004
s   88.750000  161.250000    0.100004
p 055  1999896582       60713
p 051   88.750000  161.250000    0.100004  1999896582       60713
p 052  1999896582           0           0           0       60714          -1          -1          -1       50579           0          -1          -1           0          -1      211710          -1      163837       87018       50535       60713           0           0           0          -1          63         140         152  118.749969  193.750031   -4.473953  231.250061  193.750031   81.872223  161.144531  193.750031  -10.615204  273.644623  193.750031  123.147202        3083           0           0           0           1  2022965568       60885    0.000000    0.000000    0.000000    1.000000    0.000000    0.000000    0.000000          -1          -1
p 068  2022965568       60885    0.000000    0.000000    0.000000    1.000000    0.000000    0.000000    0.000000  1999896582           4
p 059           1 0 -1747189411        3661           8           0    0.655636    0.000078    0.000078    0.707107    0.707107  121.000000  151.500000   -0.057629  1999896582          -1      163837       87018       50535          -1          -1           1        3661           0           0           1           1           0
p 059           1 0 -1747058358        5502           8           0    1.000000    0.000000    0.000000    0.000000    1.000000   86.489708  157.716614    0.658170  1999896582          -1      163837       87018       50535          -1          -1           1        5502           0           0           1           1           0
p 059           1 0 -1746992823        4675          24           0    1.000000    0.000000    0.000000    0.725374    0.688355  122.541733  147.727982    1.104779  1999896582          -1          77   981663744           0          -1          -1           1        4675           0           0           1           1           0
p 059           1 0 -1746927289        4675          24           0    1.000000    0.000000    0.000000    0.999222   -0.039438   85.644920  158.132355    0.258745  1999896582          -1          67           0           0          -1          -1           1        4675           0           0           1           1           0
p 059           1 0 -1746861754        4675          24           0    1.000000    0.000000    0.000000    0.725374    0.688355  119.380432  132.581635    0.960950  1999896582          -1          67           0           0          -1          -1           1        4675           0           0           1           1           0
p 059           1 0 -1746665155      180941          24           0    1.000000    0.000000    0.000000    0.000000    1.000000  115.909256  189.340363    0.000008  1999896582          -1          67           0           0          -1          -1           1      180941           0           0           1           1           0
p 059           1 0 -1746534105        4675          24           0    1.000000    0.000051    0.000051    0.707107    0.707107  119.260422  151.126358    0.658154  1999896582          -1          77   981663744           0          -1          -1           1        4675           0           0           1           1           0
p 059           1 0 -1746468570        5992          24           0    1.000000    0.000000    0.000000    0.000000    1.000000  126.329109  151.299942    0.658151  1999896582          -1          67           0           0          -1          -1           1        5992           0           0           1           1           0
p 059           1 0 -1746403035        4176          24           0    3.750000    0.000000    0.000000    0.000000    1.000000  116.976837  134.070480   -0.229031  1999896582          -1          77   981663744           0          17        4176           1        4176           0           0           1           1           0
p 059           1 0 -1746337500      188743          24           0    0.617654    0.000000    0.000000    0.000000    1.000000   71.092522  157.809891    5.049315  1999896582          -1          77   981663744           0          -1          -1           1      188743           0           0           1           1           0
p 059           1 0 -1746271966        4675          24           0    1.000000    0.000000    0.000000   -0.417128    0.908848  118.706421  173.859390    0.100004  1999896582          -1          81           0           0          -1          -1           1        4675           0           0           1           1           0
p 059           1 0 -1746206446      196224           8           0    1.000000    0.000000    0.000000    0.000000    1.000000  121.861473  136.662140    0.368793  1999896582          -1          67           0           0          -1          -1           1      196224           0           0           1           1           0
p 059           1 0 -1746140913      196224           8           0    1.000000    0.000000    0.000000    0.000000    1.000000  120.234154  138.509262   -3.371872  1999896582          -1          67           0           0          -1          -1           1      196224           0           0           1           1           0
p 059           1 0 -1746075388        4675          24           0    1.000000    0.000000    0.000000    0.725374    0.688355  113.576477  140.068054   -0.436390  1999896582          -1          67           0           0          -1          -1           1        4675           0           0           1           1           0
p 059           1 0 -1746009859        4675          24           0    1.000000    0.000000    0.000000    0.725374    0.688355  115.739983  133.238144   -0.125498  1999896582          -1          67           0           0          -1          -1           1        4675           0           0           1           1           0
p 059           1 0 -1745944325        4675          24           0    1.000000    0.000000    0.000000    0.725374    0.688355  122.659599  135.550705    0.726229  1999896582          -1          67           0           0          -1          -1           1        4675           0           0           1           1           0
p 059           1 0 -1745878791        4675          24           0    1.000000    0.000000    0.000000    0.617080    0.786901  120.681442  164.227844    0.237510  1999896582          -1          67           0           0          -1          -1           1        4675           0           0           1           1           0
p 059           1 0 -1745813256        5723           8           0    1.000000    0.000000    0.000000    0.000000    1.000000   72.578682  158.027649    0.048044  1999896582          -1          67           0           0          -1          -1           1        5723           0           0           1           1           0
p 059           1 0 -1745747738        6070          24           0    0.721000    0.000000    0.000000    0.000000    1.000000  122.641685  140.148224    1.346353  1999896582          -1          77   981663744           0          -1          -1           1        6070           0           0           1           1           0
p 059           1 0 -1745682185        5773           8           0    1.000000    0.000000    0.000000   -0.055898    0.998437   92.934158  178.260468    0.092619  1999896582          -1          77   981663744           0          -1          -1           1        5773           0           0           1           1           0
p 059           1 0 -1745616660        3948          24           0    1.000000    0.000000    0.000000    0.000000    1.000000   37.206966  214.308426  -25.004448  1999896582          -1          77   981663744           0          -1          -1           1        3948           0           0           1           1           0
p 059           1 0 -1745551171      156058           8           0    1.000000    0.000000    0.000000   -0.708609    0.705602    8.349256  229.634766  -24.408775  1999896582          -1          77   981663744           0          -1          -1           1      156058           0           0           1           1           0
p 059           1 0 -1745485643        5740           8           0    1.000000    0.000000    0.000000    0.775410    0.631458   14.114182  215.480408  -24.598469  1999896582          -1          77   981663744           0          -1          -1           1        5740           0           0           1           1           0
p 059           1 0 -1745420109        5852           8           0    1.083912    0.000000    0.000000    0.834743    0.550640   19.219585  211.037659  -24.598473  1999896582          -1          77   981663744           0          -1          -1           1        5852           0           0           1           1           0
p 059           1 0 -1745354583        5853           8           0    1.084906    0.000000    0.000000    0.539693    0.841862   20.401361  204.823105  -24.598473  1999896582          -1          77   981663744           0          -1          -1           1        5853           0           0           1           1           0
p 059           1 0 -1746730686        5502           0           0    1.000000    0.000000    0.000000    0.018783    0.999824   19.821213  229.494980  -24.611557  1999896582           0          -1           1  1386953767          -1          -1           1        5502           0           0           1           1           0
p 059           1 0 -1745289048         357           8           0    1.000000    0.000000    0.000000    0.000000    1.000000   35.687233  249.984497  -25.007759  1999896582           0          77   981663744           0          -1          -1           1         357           0           0           1           1           0
p 059           1 0 -1745223513        5740           8           0    1.000000    0.000000    0.000000    0.629358    0.777116   13.154327  245.328644  -24.822552  1999896582           0          77   981663744           0          -1          -1           1        5740           0           0           1           1           0
p 059           1 0 -1745157991        3949           8           0    1.000000    0.000000    0.000000   -0.216440    0.976296   17.176445  249.694412  -24.822548  1999896582           0          77   981663744           0          -1          -1           1        3949           0           0           1           1           0
p 059           1 0 -1745092460        5854           8           0    1.009230    0.000000    0.000000    0.926279    0.376838   36.544167  254.808365  -25.007759  1999896582           0          77   981663744           0          -1          -1           1        5854           0           0           1           1           0
p 059           1 0 -1745026932         357           8           0    1.000000    0.000000    0.000000   -0.642787    0.766045   36.034233  259.462494  -25.007751  1999896582           0          77   981663744           0          -1          -1           1         357           0           0           1           1           0
p 059           1 0 -1744961413        5854           8           0    1.007005    0.000000    0.000000    0.275648   -0.961259   23.788151  257.097809  -24.822548  1999896582           0          77           1  1386953767          -1          -1           1        5854           0           0           1           1           0
p 059           1 0 -1744895907        5853           8           0    1.011424    0.000000    0.000000    0.927914   -0.372793   19.759300  254.780273  -25.007767  1999896582           0          77   981663744           0          -1          -1           1        5853           0           0           1           1           0
p 059           1 0 -1744830117        5730           8           0    1.000000    0.000000    0.000000    0.000000    1.000000   72.304443  297.183441   -0.295532  1999896582           0          77   981663744           0          -1          -1           1        5730           0           0           1           1           0
p 059           1 0 -1746796220      176001          16           0    1.336463    0.000000    0.000000    0.000000    1.000000    8.349256  229.634766  -24.408775  1999896582           0          77           1  1386953767          -1          -1           1      176001           0           0           1           1           0
