v 1
# ENTER WORLD  2000551952 (sno:       50584) at  981.250000 1041.250000   23.321026
s  981.250000 1041.250000   23.321026
p 055  2000551952       50584
p 051  981.250000 1041.250000   23.321026  2000551952       50584
p 052  2000551952           0           4           4       19785          -1          -1          -1      105406         171       87907          -1          -1           0      211710          -1      163838       87018       50535          -1           0          -1           0          -1          63          96          96  114.597122  119.285080    0.091629  125.402893  122.244629   75.091629  114.597122  119.285080    3.579399  125.402893  122.244629   78.579399        2765           0           0           0           0  2033517025       32940    0.000000    0.000000    0.000000    1.000000  960.000000  960.000000    0.000000          -1          -1
p 068  2033517025       32940    0.000000    0.000000    0.000000    1.000000  960.000000  960.000000    0.000000  2000551952           4
p 052  2000551952           0           4           3       19785          -1          -1          -1          -1          -1           0          -1          -1           0      211710          -1      163838       87018       50535          -1           2          -1           0          -1          63          96          96  118.400391  119.928749  -17.943604  121.599625  121.600960   57.196518  118.400391  119.844704    3.607582  121.599625  121.685005   78.747704        3620           0           0           0           0  2033648099       32951    0.000000    0.000000    0.000000    1.000000  960.000000  720.000000    0.000000          -1          -1
p 068  2033648099       32951    0.000000    0.000000    0.000000    1.000000  960.000000  720.000000    0.000000  2000551952           4
p 052  2000551952           0           2           3       19785          -1          -1          -1          -1          -1           0          -1          -1           0      211710          -1      163838       87018       50535          -1           3          -1           0          -1          63          96          96  120.431923  118.952148  -12.190350  120.431923  121.911697   62.809666  120.431923  118.952148    3.790421  120.431923  121.911697   78.790436        2480           0           0           0           0  2033713636       32979    0.000000    0.000000    0.000000    1.000000  480.000000  720.000000    0.000000          -1          -1
p 068  2033713636       32979    0.000000    0.000000    0.000000    1.000000  480.000000  720.000000    0.000000  2000551952           4
p 052  2000551952           0           4           2       19785          -1          -1          -1          -1          -1           0          -1          -1           0      211710          -1      163838       87018       50535          -1           8          -1           0          -1          63          96          96  118.400391  119.928749  -17.943604  121.599625  121.600960   57.196518  118.400391  119.844704    3.607582  121.599625  121.685005   78.747704        3620           0           0           0           0  2034041321       32951    0.000000    0.000000    0.000000    1.000000  960.000000  480.000000    0.000000          -1          -1
p 068  2034041321       32951    0.000000    0.000000    0.000000    1.000000  960.000000  480.000000    0.000000  2000551952           4
p 052  2000551952           0           3           3       19785          -1          -1          -1          -1          -1           0          -1          -1           0      211710          -1      163838       87018       50535          -1           9          -1           0          -1          63          96          96  117.455238  116.414528  -19.801666  123.071587  123.585487   55.198349  117.455238  116.414528    3.579506  123.071587  123.585487   78.579521        4005           0           0           0           0  2034106858        1884    0.000000    0.000000    0.000000    1.000000  720.000000  720.000000    0.000000          -1          -1
p 068  2034106858        1884    0.000000    0.000000    0.000000    1.000000  720.000000  720.000000    0.000000  2000551952           4
p 052  2000551952           0           2           4       19785          -1          -1          -1          -1          -1           0          -1          -1           0      211710          -1      163838       87018       50535          -1          12          -1           0          -1          63          96          96  120.000008  119.407600  -23.830383  120.000008  120.592415   51.232712  120.000008  119.407600    3.548302  120.000008  120.592415   78.611397        3976           0           0           0           0  2034303469        1886    0.000000    0.000000    0.000000    1.000000  480.000000  960.000000    0.000000          -1          -1
p 068  2034303469        1886    0.000000    0.000000    0.000000    1.000000  480.000000  960.000000    0.000000  2000551952           4
p 052  2000551952           0           3           2       19785          -1          -1          -1          -1          -1           0          -1          -1           0      211710          -1      163838       87018       50535          -1          13          -1           0          -1          63          96          96  120.802849  120.764854  -23.203964  120.802849  120.764854   75.602234  120.802849  120.764854  -23.203964  120.802849  120.764854   75.602234        1352           0           0           0           0  2034369006       32984    0.000000    0.000000    0.000000    1.000000  720.000000  480.000000    0.000000          -1          -1
p 068  2034369006       32984    0.000000    0.000000    0.000000    1.000000  720.000000  480.000000    0.000000  2000551952           4
p 052  2000551952           0           3           4       19785          -1          -1          -1          -1          -1           0          -1          -1           0      211710          -1      163838       87018       50535          -1          14          -1           0          -1          63          96          96  120.000008  120.000008  -33.639690  120.000008  120.000008   41.360325  120.000008  120.000008  -33.639690  120.000008  120.000008   41.360325           0           0           0           0           6  2034434543       32936    0.000000    0.000000    0.000000    1.000000  720.000000  960.000000    0.000000          -1          -1
p 068  2034434543       32936    0.000000    0.000000    0.000000    1.000000  720.000000  960.000000    0.000000  2000551952           4
p 052  2000551952           0           1           4       19785          -1          -1          -1          -1          -1           0          -1          -1           0      211710          -1      163838       87018       50535          -1          24          -1           0          -1          63          96          96  120.000008  120.000008  -33.639690  120.000008  120.000008   41.360325  120.000008  120.000008  -33.639690  120.000008  120.000008   41.360325           0           0           0           0           6  2035089913       32936    0.000000    0.000000    0.000000    1.000000  240.000000  960.000000    0.000000          -1          -1
p 068  2035089913       32936    0.000000    0.000000    0.000000    1.000000  240.000000  960.000000    0.000000  2000551952           4
p 059           1 0 -1669267032      187371          24           0    1.130000    0.000000    0.000000   -0.848608    0.529023 1037.500244 1030.000000    0.000000  2000551952          -1      163838       87018       50535          -1          -1           1      187371           0           0           0           0           0
p 059           1 0 -1668546159       81431           8           0    1.000000    0.000000    0.000000   -0.693641   -0.720321  970.047913 1105.044678   23.221025  2000551952          -1          77   981663744           0          -1          -1           1       81431           0           0           1           1           0
p 059           1 0 -1668480624       81431           8           0    1.000000    0.000000    0.000000   -0.999896   -0.014438  972.520996 1100.529785   23.221025  2000551952          -1          77   981663744           0          -1          -1           1       81431           0           0           1           1           0
p 059           1 0 -1668415089       81431           8           0    1.000000    0.000000    0.000000   -0.579549   -0.814937  969.509094 1098.547729   23.221025  2000551952          -1          77   981663744           0          -1          -1           1       81431           0           0           1           1           0
p 059           1 0 -1668349554      187370          24           0    1.130000    0.000000    0.000000    0.193771   -0.981047  982.020813 1100.473022   23.221025  2000551952          -1          77   981663744           0          -1          -1           1      187370           0           1           1           1           0
p 059           1 0 -1668284019        5773           8           0    1.000000    0.000000    0.000000    0.697774    0.716318 1002.757935 1051.052490   -0.247783  2000551952          -1          77   981663744           0          -1          -1           1        5773           0           0           1           1           0
p 059           1 0 -1668218484        6019           8           0    1.000000    0.000000    0.000000    0.573582   -0.819148 1002.068237 1056.793213   -0.247787  2000551952          -1          77   981663744           0          -1          -1           1        6019           0           0           1           1           0
p 059           1 0 -1668152949        4686          24           0    1.000000    0.000000    0.000000    0.000000    1.000000  972.955811 1039.622314   25.015106  2000551952          -1          77   981663744           0          -1          -1           1        4686           0           0           1           1           0
p 059           1 0 -1667825274        3949           8           0    1.000000    0.000000    0.000000    0.000000    1.000000  960.250854 1083.949951   32.791542  2000551952          -1          77   981663744           0          -1          -1           1        3949           0           0           1           1           0
p 059           1 0 -1667759739        3949           8           0    1.000000    0.000000    0.000000    0.000000    1.000000  960.651978 1095.537842   32.791542  2000551952          -1          77   981663744           0          -1          -1           1        3949           0           0           1           1           0
p 059           1 0 -1667694208        3949           8           0    1.000000    0.000000    0.000000    0.000000    1.000000  961.097656  996.128967   32.791542  2000551952          -1          77   981663744           0          -1          -1           1        3949           0           0           1           1           0
p 059           1 0 -1667628673        3949           8           0    1.000000    0.000000    0.000000    0.000000    1.000000  960.751099  983.503784   32.791542  2000551952          -1          77   981663744           0          -1          -1           1        3949           0           0           1           1           0
p 059           1 0 -1667563138         357           8           0    1.000000    0.000000    0.000000    0.095846    0.995396  993.887695  997.230591    0.000000  2000551952          -1          77   981663744           0          -1          -1           1         357           0           0           1           1           0
p 059           1 0 -1667497603        3949           8           0    1.000000    0.000000    0.000000    0.000000    1.000000  993.738281 1036.772705   -0.000008  2000551952          -1          77   981663744           0          -1          -1           1        3949           0           0           1           1           0
p 059           1 0 -1666317977        5773           8           0    1.000000    0.000000    0.000000    0.992546   -0.121867 1004.042725 1016.626465   -0.000010  2000551952          -1          77   981663744           0          -1          -1           1        5773           0           0           1           1           0
p 059           1 0 -1666252442        5502           8           0    1.000000    0.000000    0.000000    0.000000    1.000000  979.190430 1039.404785   23.316380  2000551952          -1          77   981663744           0          -1          -1           1        5502           0           0           1           1           0
p 059           1 0 -1666186907        3795          24           0    1.000000    0.000000    0.000000    0.000000    1.000000  967.540283 1044.346069   25.015099  2000551952          -1          77   981663744           0          -1          -1           1        3795           0           0           1           1           0
p 059           1 0 -1666121372      176001          24           0    1.000000    0.000000    0.000000    0.000000    1.000000  963.533569 1040.364014   25.967897  2000551952          -1          77   981663744           0          -1          -1           1      176001           0           0           1           1           0
p 059           1 0 -1665859273        5676           8           0    1.000000    0.000000    0.000000    0.144556    0.989497  993.977844 1069.613281    0.144699  2000551952          -1          81           0           0          -1          -1           1        5676           0           0           1           1           0
p 059           1 0 -1665728221        5676           8           0    1.000000    0.000000    0.000000    0.489252    0.872143 1010.264771 1054.264526    0.000000  2000551952          -1          77   981663744           0          -1          -1           1        5676           0           0           1           1           0
p 059           1 0 -1664941821        6019           8           0    1.000000    0.000000    0.000000    0.000000    1.000000  997.824829 1013.497253    0.000000  2000551952          -1          77   981663744           0          -1          -1           1        6019           0           0           1           1           0
p 059           1 0 -1664876286        5674           8           0    1.000000    0.000000    0.000000    0.216737   -0.976230 1004.144409 1026.095825    0.000015  2000551952          -1          77   981663744           0          -1          -1           1        5674           0           0           1           1           0
p 059           1 0 -1664810755        5675           8           0    1.000000    0.000000    0.000000    0.365179    0.930937 1017.371582  996.401855    0.000008  2000551952          -1          77   981663744           0          -1          -1           1        5675           0           0           1           1           0
p 059           1 0 -1664745220        5674           8           0    1.000000    0.000000    0.000000    0.812725    0.582647 1013.379883  994.286499    0.000000  2000551952          -1          77   981663744           0          -1          -1           1        5674           0           0           1           1           0
p 059           1 0 -1663434554        5869           8           0    1.000000   -0.000113    0.000113    0.707107   -0.707107 1022.000000 1055.000000    0.000000  2000551952          -1          77   981663744           0          -1          -1           1        5869           0           0           1           1           0
p 059           1 0 -1663369027        5776           8           0    1.000000    0.000000    0.000000    0.707107    0.707107 1028.027222 1016.275940    0.000000  2000551952          -1          77   981663744           0          -1          -1           1        5776           0           0           1           1           0
p 059           1 0 -1663303499        5776           8           0    1.000000    0.000000    0.000000    0.707107    0.707107 1047.408325 1016.276001    0.000000  2000551952          -1          77   981663744           0          -1          -1           1        5776           0           0           1           1           0
p 059           1 0 -1663237965        5717           8           0    1.000000    0.000000    0.000000    0.000000    1.000000  990.000000 1030.000000   23.221031  2000551952          -1          77   981663744           0          -1          -1           1        5717           0           0           1           1           0
p 059           1 0 -1663172432        5730           8           0    1.000000    0.000000    0.000000    0.000000    1.000000  987.413696 1014.672302    0.000000  2000551952          -1          77   981663744           0          -1          -1           1        5730           0           0           1           1           0
p 059           1 0 -1663106897        5730           8           0    1.000000    0.000000    0.000000    0.000000    1.000000  987.476807 1074.679199    0.000000  2000551952          -1          77   981663744           0          -1          -1           1        5730           0           0           1           1           0
p 059           1 0 -1662779236      180941          24           0    1.000000    0.000000    0.000000    0.000000    1.000000  974.132202 1046.841797   24.189247  2000551952          -1          77   981663744           0          -1          -1           1      180941           0           0           1           1           0
p 059           1 0 -1660485550         357           8           0    1.000000    0.000000    0.000000    0.000000    1.000000  973.836731  878.584961  -25.000008  2000551952          -1          77   981663744           0          -1          -1           1         357           0           0           1           1           0
p 059           1 0 -1660420012         357           8           0    1.000000    0.000000    0.000000    0.771625   -0.636078  980.048645  940.384338  -25.000008  2000551952          -1          77   981663744           0          -1          -1           1         357           0           0           1           1           0
p 059           1 0 -1660288672      176847           8           0    0.250000    0.000000    0.000000    0.000000    1.000000  960.614258  827.555176    0.000000  2000551952          -1          77   981663744           0          -1          -1           1      176847           0           0           1           1           0
p 059           1 0 -1660157886       51345           8           0    1.000000    0.000000    0.000000    0.000000    1.000000 1044.273315  926.967285    0.199234  2000551952          -1          77   981663744           0          -1          -1           1       51345           0           0           1           1           0
p 059           1 0 -1659961300        5911           8           0    1.000000    0.000000    0.000000    0.649418   -0.760432 1010.000000  856.500000    0.000000  2000551952          -1          77   981663744           0          -1          -1           1        5911           0           0           1           1           0
p 059           1 0 -1647181315        5717           8           0    1.000000    0.000000    0.000000    0.710185    0.704015  934.983643  840.003662    0.000004  2000551952          -1          77   981663744           0          -1          -1           1        5717           0           0           1           1           0
p 059           1 0 -1647115778        5776           8           0    1.000000    0.000000    0.000000    0.917058    0.398753  877.095215  869.540649  -23.526485  2000551952          -1          77   981663744           0          -1          -1           1        5776           0           0           1           1           0
p 059           1 0 -1647050241        5776           8           0    1.000000    0.000000    0.000000    0.906305    0.422623  891.043701  880.567749  -23.864445  2000551952          -1          77   981663744           0          -1          -1           1        5776           0           0           1           1           0
p 059           1 0 -1645542890        5870           8           0    1.000000    0.000000    0.000000    0.130526   -0.991445  838.050354  884.657471  -25.000000  2000551952          -1          77   981663744           0          -1          -1           1        5870           0           0           1           1           0
p 059           1 0 -1645215205        5717           8           0    1.000000    0.000000    0.000000    0.707107    0.707107  935.000000  840.000000    0.000000  2000551952          -1          77   981663744           0          -1          -1           1        5717           0           0           1           1           0
