2000486415 0 2 4 87907 -1 -1 -1 50582 171 19783 -1 -1 0 211710 -1 163838 87020 50535 -1 0 -1 0 -1 63 96 96 115.000008 119.235161 -11.036232 125.000008 120.764854 64.963768 115.000008 119.235161 -11.036232 125.000008 120.764854 64.963768 0 0 0 0 0 2031878600 33000 0.000000 0.000000 0.000000 1.000000 480.000000 960.000000 0.000000 -1 -1
2031878600 33000 0.000000 0.000000 0.000000 1.000000 480.000000 960.000000 0.000000 2000486415 4
2000486415 0 2 2 87907 -1 -1 -1 -1 -1 0 -1 -1 0 211710 -1 163838 87020 50535 -1 2 -1 0 -1 63 96 96 119.629082 119.647079 -23.692783 121.234764 121.216766 51.307232 119.629082 119.647079 -23.692783 121.234764 121.216766 51.307232 3197 0 0 0 0 2032009674 91612 0.000000 0.000000 0.000000 1.000000 480.000000 480.000000 0.000000 -1 -1
2032009674 91612 0.000000 0.000000 0.000000 1.000000 480.000000 480.000000 0.000000 2000486415 4
2000486415 0 1 4 87907 -1 -1 -1 -1 -1 0 -1 -1 0 211710 -1 163838 87020 50535 -1 7 -1 0 -1 63 96 96 120.000008 120.000008 -33.639690 120.000008 120.000008 41.360325 120.000008 120.000008 -33.639690 120.000008 120.000008 41.360325 0 0 0 0 6 2032337359 32936 0.000000 0.000000 0.000000 1.000000 240.000000 960.000000 0.000000 -1 -1
2032337359 32936 0.000000 0.000000 0.000000 1.000000 240.000000 960.000000 0.000000 2000486415 4
2000486415 0 1 3 87907 -1 -1 -1 -1 -1 0 -1 -1 0 211710 -1 163838 87020 50535 -1 13 -1 0 -1 63 96 96 120.000008 120.000008 -33.639690 120.000008 120.000008 41.360325 120.000008 120.000008 -33.639690 120.000008 120.000008 41.360325 0 0 0 0 6 2032730581 32936 0.000000 0.000000 0.000000 1.000000 240.000000 720.000000 0.000000 -1 -1
2032730581 32936 0.000000 0.000000 0.000000 1.000000 240.000000 720.000000 0.000000 2000486415 4
2000486415 0 1 2 87907 -1 -1 -1 -1 -1 0 -1 -1 0 211710 -1 163838 87020 50535 -1 6 -1 0 -1 63 96 96 119.934738 120.000008 -32.877060 121.670959 121.605690 42.129974 119.934738 120.000008 -32.877060 121.670959 121.605690 42.129974 210 0 0 0 0 2032271822 32991 0.000000 0.000000 0.000000 1.000000 240.000000 480.000000 0.000000 -1 -1
2032271822 32991 0.000000 0.000000 0.000000 1.000000 240.000000 480.000000 0.000000 2000486415 4
2000486415 0 2 1 87907 -1 -1 -1 -1 -1 0 -1 -1 0 211710 -1 163838 87020 50535 -1 4 -1 0 -1 63 96 96 118.520233 120.764854 -11.662903 121.479782 120.764854 64.020218 113.931770 121.053406 3.237869 126.068245 121.053406 78.920990 1035 0 0 0 0 2032140748 32955 0.000000 0.000000 0.000000 1.000000 480.000000 240.000000 0.000000 -1 -1
2032140748 32955 0.000000 0.000000 0.000000 1.000000 480.000000 240.000000 0.000000 2000486415 4
2000486415 0 0 3 87907 -1 -1 -1 -1 -1 0 -1 -1 0 211710 -1 163838 87020 50535 -1 24 -1 0 -1 63 96 96 120.000008 120.000008 -33.639690 120.000008 120.000008 41.360325 120.000008 120.000008 -33.639690 120.000008 120.000008 41.360325 0 0 0 0 6 2033451488 32936 0.000000 0.000000 0.000000 1.000000 0.000000 720.000000 0.000000 -1 -1
2033451488 32936 0.000000 0.000000 0.000000 1.000000 0.000000 720.000000 0.000000 2000486415 4
2000486415 0 2 4 87907 -1 -1 -1 50582 171 19783 -1 -1 0 211710 -1 163838 87020 50535 -1 0 -1 0 -1 63 96 96 115.000008 119.235161 -11.036232 125.000008 120.764854 64.963768 115.000008 119.235161 -11.036232 125.000008 120.764854 64.963768 0 0 0 0 0 2031878600 33000 0.000000 0.000000 0.000000 1.000000 480.000000 960.000000 0.000000 -1 -1
2031878600 33000 0.000000 0.000000 0.000000 1.000000 480.000000 960.000000 0.000000 2000486415 4
2000486415 0 1 1 87907 -1 -1 -1 -1 -1 0 50584 172 19785 211710 -1 163838 87020 50535 -1 5 -1 0 -1 63 96 96 120.760300 120.000008 -21.209843 120.845398 120.000008 56.119625 120.760300 120.000008 -9.195724 120.845398 120.000008 68.133743 2497 0 0 0 0 2032206285 32993 0.000000 0.000000 0.000000 1.000000 240.000000 240.000000 0.000000 -1 -1
2032206285 32993 0.000000 0.000000 0.000000 1.000000 240.000000 240.000000 0.000000 2000486415 4
2000486415 0 2 0 87907 -1 -1 -1 -1 -1 0 -1 -1 0 211710 -1 163838 87020 50535 -1 19 -1 0 -1 63 96 96 120.000008 120.000008 -33.639690 120.000008 120.000008 41.360325 120.000008 120.000008 -33.639690 120.000008 120.000008 41.360325 0 0 0 0 6 2033123803 32936 0.000000 0.000000 0.000000 1.000000 480.000000 0.000000 0.000000 -1 -1
2033123803 32936 0.000000 0.000000 0.000000 1.000000 480.000000 0.000000 0.000000 2000486415 4
2000486415 0 0 2 87907 -1 -1 -1 -1 -1 0 -1 -1 0 211710 -1 163838 87020 50535 -1 22 -1 0 -1 63 96 96 120.000008 120.000008 -33.639690 120.000008 120.000008 41.360325 120.000008 120.000008 -33.639690 120.000008 120.000008 41.360325 0 0 0 0 6 2033320414 32936 0.000000 0.000000 0.000000 1.000000 0.000000 480.000000 0.000000 -1 -1
2033320414 32936 0.000000 0.000000 0.000000 1.000000 0.000000 480.000000 0.000000 2000486415 4
2000486415 0 3 2 87907 -1 -1 -1 -1 -1 0 -1 -1 0 211710 -1 163838 87020 50535 -1 3 -1 0 -1 63 96 96 119.934738 120.000008 -32.877060 121.670959 121.605690 42.129974 119.934738 120.000008 -32.877060 121.670959 121.605690 42.129974 210 0 0 0 0 2032075211 32971 0.000000 0.000000 0.000000 1.000000 720.000000 480.000000 0.000000 -1 -1
2032075211 32971 0.000000 0.000000 0.000000 1.000000 720.000000 480.000000 0.000000 2000486415 4
2000486415 0 3 1 87907 -1 -1 -1 -1 -1 0 -1 -1 0 211710 -1 163838 87020 50535 -1 14 -1 0 -1 63 96 96 120.000008 120.000008 -33.639690 120.000008 120.000008 41.360325 120.000008 120.000008 -33.639690 120.000008 120.000008 41.360325 0 0 0 0 6 2032796118 32936 0.000000 0.000000 0.000000 1.000000 720.000000 240.000000 0.000000 -1 -1
2032796118 32936 0.000000 0.000000 0.000000 1.000000 720.000000 240.000000 0.000000 2000486415 4
2000486415 0 1 0 87907 -1 -1 -1 -1 -1 0 -1 -1 0 211710 -1 163838 87020 50535 -1 20 -1 0 -1 63 96 96 120.000008 120.000008 -33.639690 120.000008 120.000008 41.360325 120.000008 120.000008 -33.639690 120.000008 120.000008 41.360325 0 0 0 0 6 2033189340 32936 0.000000 0.000000 0.000000 1.000000 240.000000 0.000000 0.000000 -1 -1
2033189340 32936 0.000000 0.000000 0.000000 1.000000 240.000000 0.000000 0.000000 2000486415 4
2000486415 0 0 1 87907 -1 -1 -1 -1 -1 0 -1 -1 0 211710 -1 163838 87020 50535 -1 21 -1 0 -1 63 96 96 120.000008 120.000008 -33.639690 120.000008 120.000008 41.360325 120.000008 120.000008 -33.639690 120.000008 120.000008 41.360325 0 0 0 0 6 2033254877 32936 0.000000 0.000000 0.000000 1.000000 0.000000 240.000000 0.000000 -1 -1
2033254877 32936 0.000000 0.000000 0.000000 1.000000 0.000000 240.000000 0.000000 2000486415 4
2000486415 0 1 2 87907 -1 -1 -1 -1 -1 0 -1 -1 0 211710 -1 163838 87020 50535 -1 6 -1 0 -1 63 96 96 119.934738 120.000008 -32.877060 121.670959 121.605690 42.129974 119.934738 120.000008 -32.877060 121.670959 121.605690 42.129974 210 0 0 0 0 2032271822 32991 0.000000 0.000000 0.000000 1.000000 240.000000 480.000000 0.000000 -1 -1
2032271822 32991 0.000000 0.000000 0.000000 1.000000 240.000000 480.000000 0.000000 2000486415 4
2000486415 0 0 0 87907 -1 -1 -1 -1 -1 0 -1 -1 0 211710 -1 163838 87020 50535 -1 23 -1 0 -1 63 96 96 120.000008 120.000008 -33.639690 120.000008 120.000008 41.360325 120.000008 120.000008 -33.639690 120.000008 120.000008 41.360325 0 0 0 0 6 2033385951 32936 0.000000 0.000000 0.000000 1.000000 0.000000 0.000000 0.000000 -1 -1
2033385951 32936 0.000000 0.000000 0.000000 1.000000 0.000000 0.000000 0.000000 2000486415 4
2000486415 0 1 2 87907 -1 -1 -1 -1 -1 0 -1 -1 0 211710 -1 163838 87020 50535 -1 6 -1 0 -1 63 96 96 119.934738 120.000008 -32.877060 121.670959 121.605690 42.129974 119.934738 120.000008 -32.877060 121.670959 121.605690 42.129974 210 0 0 0 0 2032271822 32991 0.000000 0.000000 0.000000 1.000000 240.000000 480.000000 0.000000 -1 -1
2032271822 32991 0.000000 0.000000 0.000000 1.000000 240.000000 480.000000 0.000000 2000486415 4
2000486415 0 2 1 87907 -1 -1 -1 -1 -1 0 -1 -1 0 211710 -1 163838 87020 50535 -1 4 -1 0 -1 63 96 96 118.520233 120.764854 -11.662903 121.479782 120.764854 64.020218 113.931770 121.053406 3.237869 126.068245 121.053406 78.920990 1035 0 0 0 0 2032140748 32955 0.000000 0.000000 0.000000 1.000000 480.000000 240.000000 0.000000 -1 -1
2032140748 32955 0.000000 0.000000 0.000000 1.000000 480.000000 240.000000 0.000000 2000486415 4
2000486415 0 2 3 87907 -1 -1 -1 -1 -1 0 -1 -1 0 211710 -1 163838 87020 50535 -1 1 -1 0 -1 63 96 96 120.000008 121.125763 -23.830387 120.000008 124.486069 51.232716 120.000008 121.125763 -23.830387 120.000008 124.486069 51.232716 4052 0 0 0 0 2031944137 67021 0.000000 0.000000 0.000000 1.000000 480.000000 720.000000 0.000000 -1 -1
2031944137 67021 0.000000 0.000000 0.000000 1.000000 480.000000 720.000000 0.000000 2000486415 4