2000420878 0 4 3 19783 -1 -1 -1 60713 15 60714 -1 -1 0 211710 -1 163767 87018 50535 -1 5 -1 0 -1 63 96 96 118.341454 114.597122 -13.079071 121.658562 125.402893 63.000412 118.341454 114.597122 3.134644 121.658562 125.402893 79.214127 240 0 0 0 0 2030436786 32974 0.000000 0.000000 0.000000 1.000000 960.000000 720.000000 0.000000 -1 -1
2030436786 32974 0.000000 0.000000 0.000000 1.000000 960.000000 720.000000 0.000000 2000420878 0
2000420878 0 3 2 19783 -1 -1 -1 -1 -1 0 -1 -1 0 211710 -1 163767 87018 50535 -1 3 -1 0 -1 63 96 96 118.520233 121.406784 -20.502548 121.479782 121.406784 72.859848 116.170723 121.406784 -4.655426 123.829292 121.406784 88.706970 630 0 0 0 0 2030305712 32957 0.000000 0.000000 0.000000 1.000000 720.000000 480.000000 0.000000 -1 -1
2030305712 32957 0.000000 0.000000 0.000000 1.000000 720.000000 480.000000 0.000000 2000420878 0
2000420878 0 3 3 19783 -1 -1 -1 -1 -1 0 -1 -1 0 211710 -1 163767 87018 50535 -1 4 -1 0 -1 63 96 96 120.802856 119.235153 -17.873550 120.802856 120.764862 57.126465 120.802856 119.235153 3.579567 120.802856 120.764862 78.579582 3294 0 0 0 0 2030371249 32987 0.000000 0.000000 0.000000 1.000000 720.000000 720.000000 0.000000 -1 -1
2030371249 32987 0.000000 0.000000 0.000000 1.000000 720.000000 720.000000 0.000000 2000420878 0
2000420878 0 3 1 19783 -1 -1 -1 -1 -1 0 -1 -1 0 211710 -1 163767 87018 50535 -1 8 -1 0 -1 63 96 96 120.000008 120.000008 -33.639690 120.000008 120.000008 41.360325 120.000008 120.000008 -33.639690 120.000008 120.000008 41.360325 0 0 0 0 6 2030633397 32936 0.000000 0.000000 0.000000 1.000000 720.000000 240.000000 0.000000 -1 -1
2030633397 32936 0.000000 0.000000 0.000000 1.000000 720.000000 240.000000 0.000000 2000420878 0
2000420878 0 4 2 19783 -1 -1 -1 -1 -1 0 -1 -1 0 211710 -1 163767 87018 50535 -1 16 -1 0 -1 63 96 96 120.000008 120.000008 -33.639690 120.000008 120.000008 41.360325 120.000008 120.000008 -33.639690 120.000008 120.000008 41.360325 0 0 0 0 6 2031157693 32936 0.000000 0.000000 0.000000 1.000000 960.000000 480.000000 0.000000 -1 -1
2031157693 32936 0.000000 0.000000 0.000000 1.000000 960.000000 480.000000 0.000000 2000420878 0
2000420878 0 4 1 19783 -1 -1 -1 -1 -1 0 -1 -1 0 211710 -1 163767 87018 50535 -1 17 -1 0 -1 63 96 96 120.000008 120.000008 -33.639690 120.000008 120.000008 41.360325 120.000008 120.000008 -33.639690 120.000008 120.000008 41.360325 0 0 0 0 6 2031223230 32936 0.000000 0.000000 0.000000 1.000000 960.000000 240.000000 0.000000 -1 -1
2031223230 32936 0.000000 0.000000 0.000000 1.000000 960.000000 240.000000 0.000000 2000420878 0
2000420878 0 2 3 19783 -1 -1 -1 -1 -1 0 -1 -1 0 211710 -1 163767 87018 50535 -1 12 -1 0 -1 63 96 96 120.000008 120.000008 -33.639690 120.000008 120.000008 41.360325 120.000008 120.000008 -33.639690 120.000008 120.000008 41.360325 0 0 0 0 6 2030895545 32936 0.000000 0.000000 0.000000 1.000000 480.000000 720.000000 0.000000 -1 -1
2030895545 32936 0.000000 0.000000 0.000000 1.000000 480.000000 720.000000 0.000000 2000420878 0
2000420878 0 2 2 19783 -1 -1 -1 -1 -1 0 -1 -1 0 211710 -1 163767 87018 50535 -1 1 -1 0 -1 63 96 96 117.455238 116.414528 -19.801666 123.071587 123.585487 55.198349 117.455238 116.414528 3.579506 123.071587 123.585487 78.579521 4005 0 0 0 0 2030174638 1884 0.000000 0.000000 0.000000 1.000000 480.000000 480.000000 0.000000 -1 -1
2030174638 1884 0.000000 0.000000 0.000000 1.000000 480.000000 480.000000 0.000000 2000420878 0
2000420878 0 1 3 19783 -1 -1 -1 -1 -1 0 -1 -1 0 211710 -1 163767 87018 50535 -1 7 -1 0 -1 63 96 96 120.000008 119.407600 -23.830383 120.000008 120.592415 51.232712 120.000008 119.407600 3.548302 120.000008 120.592415 78.611397 3976 0 0 0 0 2030567860 1886 0.000000 0.000000 0.000000 1.000000 240.000000 720.000000 0.000000 -1 -1
2030567860 1886 0.000000 0.000000 0.000000 1.000000 240.000000 720.000000 0.000000 2000420878 0
2000420878 0 3 1 19783 -1 -1 -1 -1 -1 0 -1 -1 0 211710 -1 163767 87018 50535 -1 8 -1 0 -1 63 96 96 120.000008 120.000008 -33.639690 120.000008 120.000008 41.360325 120.000008 120.000008 -33.639690 120.000008 120.000008 41.360325 0 0 0 0 6 2030633397 32936 0.000000 0.000000 0.000000 1.000000 720.000000 240.000000 0.000000 -1 -1
2030633397 32936 0.000000 0.000000 0.000000 1.000000 720.000000 240.000000 0.000000 2000420878 0
2000420878 0 2 1 19783 -1 -1 -1 -1 -1 0 105406 172 87907 211710 -1 163767 87018 50535 -1 0 -1 0 -1 63 96 96 116.501564 119.697433 -11.300869 123.498451 121.832275 63.699146 116.501564 119.697433 3.579445 123.498451 121.832275 78.579460 802 0 0 0 0 2030109101 32947 0.000000 0.000000 0.000000 1.000000 480.000000 240.000000 0.000000 -1 -1
2030109101 32947 0.000000 0.000000 0.000000 1.000000 480.000000 240.000000 0.000000 2000420878 0
2000420878 0 1 2 19783 -1 -1 -1 -1 -1 0 -1 -1 0 211710 -1 163767 87018 50535 -1 2 -1 0 -1 63 96 96 120.431923 118.952148 -12.190350 120.431923 121.911697 62.809666 120.431923 118.952148 3.579391 120.431923 121.911697 78.579407 2491 0 0 0 0 2030240175 1885 0.000000 0.000000 0.000000 1.000000 240.000000 480.000000 0.000000 -1 -1
2030240175 1885 0.000000 0.000000 0.000000 1.000000 240.000000 480.000000 0.000000 2000420878 0
2000420878 0 3 0 19783 -1 -1 -1 -1 -1 0 -1 -1 0 211710 -1 163767 87018 50535 -1 9 -1 0 -1 63 96 96 120.000008 120.000008 -33.639690 120.000008 120.000008 41.360325 120.000008 120.000008 -33.639690 120.000008 120.000008 41.360325 0 0 0 0 6 2030698934 32936 0.000000 0.000000 0.000000 1.000000 720.000000 0.000000 0.000000 -1 -1
2030698934 32936 0.000000 0.000000 0.000000 1.000000 720.000000 0.000000 0.000000 2000420878 0
2000420878 0 1 1 19783 -1 -1 -1 -1 -1 0 -1 -1 0 211710 -1 163767 87018 50535 -1 6 -1 0 -1 63 96 96 119.934738 120.000008 -32.877060 121.670959 121.605690 42.129974 119.934738 120.000008 -32.090874 121.670959 121.605690 42.916164 210 0 0 0 0 2030502323 32943 0.000000 0.000000 0.000000 1.000000 240.000000 240.000000 0.000000 -1 -1
2030502323 32943 0.000000 0.000000 0.000000 1.000000 240.000000 240.000000 0.000000 2000420878 0
2000420878 0 2 0 19783 -1 -1 -1 -1 -1 0 -1 -1 0 211710 -1 163767 87018 50535 -1 10 -1 0 -1 63 96 96 120.000008 120.000008 -33.639690 120.000008 120.000008 41.360325 120.000008 120.000008 -33.639690 120.000008 120.000008 41.360325 0 0 0 0 6 2030764471 32936 0.000000 0.000000 0.000000 1.000000 480.000000 0.000000 0.000000 -1 -1
2030764471 32936 0.000000 0.000000 0.000000 1.000000 480.000000 0.000000 0.000000 2000420878 0
2000420878 0 0 2 19783 -1 -1 -1 -1 -1 0 -1 -1 0 211710 -1 163767 87018 50535 -1 13 -1 0 -1 63 96 96 120.000008 120.000008 -33.639690 120.000008 120.000008 41.360325 120.000008 120.000008 -33.639690 120.000008 120.000008 41.360325 0 0 0 0 6 2030961082 32936 0.000000 0.000000 0.000000 1.000000 0.000000 480.000000 0.000000 -1 -1
2030961082 32936 0.000000 0.000000 0.000000 1.000000 0.000000 480.000000 0.000000 2000420878 0
2000420878 0 3 0 19783 -1 -1 -1 -1 -1 0 -1 -1 0 211710 -1 163767 87018 50535 -1 9 -1 0 -1 63 96 96 120.000008 120.000008 -33.639690 120.000008 120.000008 41.360325 120.000008 120.000008 -33.639690 120.000008 120.000008 41.360325 0 0 0 0 6 2030698934 32936 0.000000 0.000000 0.000000 1.000000 720.000000 0.000000 0.000000 -1 -1
2030698934 32936 0.000000 0.000000 0.000000 1.000000 720.000000 0.000000 0.000000 2000420878 0
2000420878 0 2 0 19783 -1 -1 -1 -1 -1 0 -1 -1 0 211710 -1 163767 87018 50535 -1 10 -1 0 -1 63 96 96 120.000008 120.000008 -33.639690 120.000008 120.000008 41.360325 120.000008 120.000008 -33.639690 120.000008 120.000008 41.360325 0 0 0 0 6 2030764471 32936 0.000000 0.000000 0.000000 1.000000 480.000000 0.000000 0.000000 -1 -1
2030764471 32936 0.000000 0.000000 0.000000 1.000000 480.000000 0.000000 0.000000 2000420878 0
2000420878 0 0 2 19783 -1 -1 -1 -1 -1 0 -1 -1 0 211710 -1 163767 87018 50535 -1 13 -1 0 -1 63 96 96 120.000008 120.000008 -33.639690 120.000008 120.000008 41.360325 120.000008 120.000008 -33.639690 120.000008 120.000008 41.360325 0 0 0 0 6 2030961082 32936 0.000000 0.000000 0.000000 1.000000 0.000000 480.000000 0.000000 -1 -1
2030961082 32936 0.000000 0.000000 0.000000 1.000000 0.000000 480.000000 0.000000 2000420878 0
2000420878 0 1 1 19783 -1 -1 -1 -1 -1 0 -1 -1 0 211710 -1 163767 87018 50535 -1 6 -1 0 -1 63 96 96 119.934738 120.000008 -32.877060 121.670959 121.605690 42.129974 119.934738 120.000008 -32.090874 121.670959 121.605690 42.916164 210 0 0 0 0 2030502323 32943 0.000000 0.000000 0.000000 1.000000 240.000000 240.000000 0.000000 -1 -1
2030502323 32943 0.000000 0.000000 0.000000 1.000000 240.000000 240.000000 0.000000 2000420878 0
2000420878 0 2 0 19783 -1 -1 -1 -1 -1 0 -1 -1 0 211710 -1 163767 87018 50535 -1 10 -1 0 -1 63 96 96 120.000008 120.000008 -33.639690 120.000008 120.000008 41.360325 120.000008 120.000008 -33.639690 120.000008 120.000008 41.360325 0 0 0 0 6 2030764471 32936 0.000000 0.000000 0.000000 1.000000 480.000000 0.000000 0.000000 -1 -1
2030764471 32936 0.000000 0.000000 0.000000 1.000000 480.000000 0.000000 0.000000 2000420878 0
2000420878 0 0 2 19783 -1 -1 -1 -1 -1 0 -1 -1 0 211710 -1 163767 87018 50535 -1 13 -1 0 -1 63 96 96 120.000008 120.000008 -33.639690 120.000008 120.000008 41.360325 120.000008 120.000008 -33.639690 120.000008 120.000008 41.360325 0 0 0 0 6 2030961082 32936 0.000000 0.000000 0.000000 1.000000 0.000000 480.000000 0.000000 -1 -1
2030961082 32936 0.000000 0.000000 0.000000 1.000000 0.000000 480.000000 0.000000 2000420878 0
2000420878 0 3 3 19783 -1 -1 -1 -1 -1 0 -1 -1 0 211710 -1 163767 87018 50535 -1 4 -1 0 -1 63 96 96 120.802856 119.235153 -17.873550 120.802856 120.764862 57.126465 120.802856 119.235153 3.579567 120.802856 120.764862 78.579582 3294 0 0 0 0 2030371249 32987 0.000000 0.000000 0.000000 1.000000 720.000000 720.000000 0.000000 -1 -1
2030371249 32987 0.000000 0.000000 0.000000 1.000000 720.000000 720.000000 0.000000 2000420878 0
2000420878 0 1 0 19783 -1 -1 -1 -1 -1 0 -1 -1 0 211710 -1 163767 87018 50535 -1 11 -1 0 -1 63 96 96 120.000008 120.000008 -33.639690 120.000008 120.000008 41.360325 120.000008 120.000008 -33.639690 120.000008 120.000008 41.360325 0 0 0 0 6 2030830008 32936 0.000000 0.000000 0.000000 1.000000 240.000000 0.000000 0.000000 -1 -1
2030830008 32936 0.000000 0.000000 0.000000 1.000000 240.000000 0.000000 0.000000 2000420878 0
2000420878 0 0 1 19783 -1 -1 -1 -1 -1 0 -1 -1 0 211710 -1 163767 87018 50535 -1 15 -1 0 -1 63 96 96 120.000008 120.000008 -33.639690 120.000008 120.000008 41.360325 120.000008 120.000008 -33.639690 120.000008 120.000008 41.360325 0 0 0 0 6 2031092156 32936 0.000000 0.000000 0.000000 1.000000 0.000000 240.000000 0.000000 -1 -1
2031092156 32936 0.000000 0.000000 0.000000 1.000000 0.000000 240.000000 0.000000 2000420878 0
2000420878 0 3 2 19783 -1 -1 -1 -1 -1 0 -1 -1 0 211710 -1 163767 87018 50535 -1 3 -1 0 -1 63 96 96 118.520233 121.406784 -20.502548 121.479782 121.406784 72.859848 116.170723 121.406784 -4.655426 123.829292 121.406784 88.706970 630 0 0 0 0 2030305712 32957 0.000000 0.000000 0.000000 1.000000 720.000000 480.000000 0.000000 -1 -1
2030305712 32957 0.000000 0.000000 0.000000 1.000000 720.000000 480.000000 0.000000 2000420878 0
2000420878 0 2 2 19783 -1 -1 -1 -1 -1 0 -1 -1 0 211710 -1 163767 87018 50535 -1 1 -1 0 -1 63 96 96 117.455238 116.414528 -19.801666 123.071587 123.585487 55.198349 117.455238 116.414528 3.579506 123.071587 123.585487 78.579521 4005 0 0 0 0 2030174638 1884 0.000000 0.000000 0.000000 1.000000 480.000000 480.000000 0.000000 -1 -1
2030174638 1884 0.000000 0.000000 0.000000 1.000000 480.000000 480.000000 0.000000 2000420878 0