2000158730 0 1 2 83266 -1 -1 -1 71150 178 72712 -1 -1 0 211710 -1 179671 87018 50542 -1 3 -1 0 -1 63 96 96 121.313019 119.077751 -11.300865 121.313080 120.922264 63.699142 121.313019 119.077751 -11.300865 121.313080 120.922264 63.699142 0 0 0 0 0 2026635640 33094 0.000000 0.000000 0.000000 1.000000 240.000000 480.000000 0.000000 -1 -1
2026635640 33094 0.000000 0.000000 0.000000 1.000000 240.000000 480.000000 0.000000 2000158730 0
2000158730 0 1 1 83266 -1 -1 -1 -1 -1 0 -1 -1 0 211710 -1 179671 87018 50542 -1 14 -1 0 -1 63 96 96 120.000008 120.000008 -19.888756 120.000008 120.000008 25.429258 120.000008 120.000008 -19.888756 120.000008 120.000008 25.429258 0 0 0 0 4 2027356547 33060 0.000000 0.000000 0.000000 1.000000 240.000000 240.000000 0.000000 -1 -1
2027356547 33060 0.000000 0.000000 0.000000 1.000000 240.000000 240.000000 0.000000 2000158730 0
2000158730 0 0 2 83266 -1 -1 -1 -1 -1 0 -1 -1 0 211710 -1 179671 87018 50542 -1 15 -1 0 -1 63 96 96 120.000008 120.000008 -19.888756 120.000008 120.000008 25.429258 120.000008 120.000008 -19.888756 120.000008 120.000008 25.429258 0 0 0 0 4 2027422084 33060 0.000000 0.000000 0.000000 1.000000 0.000000 480.000000 0.000000 -1 -1
2027422084 33060 0.000000 0.000000 0.000000 1.000000 0.000000 480.000000 0.000000 2000158730 0
2000158730 0 0 1 83266 -1 -1 -1 -1 -1 0 -1 -1 0 211710 -1 179671 87018 50542 -1 17 -1 0 -1 63 96 96 120.000008 120.000008 -19.888756 120.000008 120.000008 25.429258 120.000008 120.000008 -19.888756 120.000008 120.000008 25.429258 0 0 0 0 4 2027553158 33060 0.000000 0.000000 0.000000 1.000000 0.000000 240.000000 0.000000 -1 -1
2027553158 33060 0.000000 0.000000 0.000000 1.000000 0.000000 240.000000 0.000000 2000158730 0
2000158730 0 1 0 83266 -1 -1 -1 -1 -1 0 -1 -1 0 211710 -1 179671 87018 50542 -1 20 -1 0 -1 63 96 96 120.000008 120.000008 -19.888756 120.000008 120.000008 25.429258 120.000008 120.000008 -19.888756 120.000008 120.000008 25.429258 0 0 0 0 4 2027749769 33060 0.000000 0.000000 0.000000 1.000000 240.000000 0.000000 0.000000 -1 -1
2027749769 33060 0.000000 0.000000 0.000000 1.000000 240.000000 0.000000 0.000000 2000158730 0
2000158730 0 2 1 83266 -1 -1 -1 -1 -1 0 -1 -1 0 211710 -1 179671 87018 50542 -1 4 -1 0 -1 63 96 96 119.730362 121.445137 1.199135 122.895737 121.445183 51.199142 119.730362 121.445137 1.199135 122.895737 121.445183 51.199142 95 0 0 0 0 2026701177 61403 0.000000 0.000000 0.000000 1.000000 480.000000 240.000000 0.000000 -1 -1
2026701177 61403 0.000000 0.000000 0.000000 1.000000 480.000000 240.000000 0.000000 2000158730 0
2000158730 0 2 0 83266 -1 -1 -1 -1 -1 0 -1 -1 0 211710 -1 179671 87018 50542 -1 19 -1 0 -1 63 96 96 120.000008 120.000008 -19.888756 120.000008 120.000008 25.429258 120.000008 120.000008 -19.888756 120.000008 120.000008 25.429258 0 0 0 0 4 2027684232 33060 0.000000 0.000000 0.000000 1.000000 480.000000 0.000000 0.000000 -1 -1
2027684232 33060 0.000000 0.000000 0.000000 1.000000 480.000000 0.000000 0.000000 2000158730 0
2000158730 0 2 3 83266 -1 -1 -1 -1 -1 0 -1 -1 0 211710 -1 179671 87018 50542 -1 0 -1 0 -1 63 96 96 120.000008 121.261818 0.735146 120.000008 121.261864 51.663132 120.000008 121.261818 0.735146 120.000008 121.261864 51.663132 0 0 0 0 1 2026439029 82107 0.000000 0.000000 0.000000 1.000000 480.000000 720.000000 0.000000 -1 -1
2026439029 82107 0.000000 0.000000 0.000000 1.000000 480.000000 720.000000 0.000000 2000158730 0
2000158730 0 0 1 83266 -1 -1 -1 -1 -1 0 -1 -1 0 211710 -1 179671 87018 50542 -1 17 -1 0 -1 63 96 96 120.000008 120.000008 -19.888756 120.000008 120.000008 25.429258 120.000008 120.000008 -19.888756 120.000008 120.000008 25.429258 0 0 0 0 4 2027553158 33060 0.000000 0.000000 0.000000 1.000000 0.000000 240.000000 0.000000 -1 -1
2027553158 33060 0.000000 0.000000 0.000000 1.000000 0.000000 240.000000 0.000000 2000158730 0
2000158730 0 1 0 83266 -1 -1 -1 -1 -1 0 -1 -1 0 211710 -1 179671 87018 50542 -1 20 -1 0 -1 63 96 96 120.000008 120.000008 -19.888756 120.000008 120.000008 25.429258 120.000008 120.000008 -19.888756 120.000008 120.000008 25.429258 0 0 0 0 4 2027749769 33060 0.000000 0.000000 0.000000 1.000000 240.000000 0.000000 0.000000 -1 -1
2027749769 33060 0.000000 0.000000 0.000000 1.000000 240.000000 0.000000 0.000000 2000158730 0
2000158730 0 2 1 83266 -1 -1 -1 -1 -1 0 -1 -1 0 211710 -1 179671 87018 50542 -1 4 -1 0 -1 63 96 96 119.730362 121.445137 1.199135 122.895737 121.445183 51.199142 119.730362 121.445137 1.199135 122.895737 121.445183 51.199142 95 0 0 0 0 2026701177 61403 0.000000 0.000000 0.000000 1.000000 480.000000 240.000000 0.000000 -1 -1
2026701177 61403 0.000000 0.000000 0.000000 1.000000 480.000000 240.000000 0.000000 2000158730 0
2000158730 0 2 0 83266 -1 -1 -1 -1 -1 0 -1 -1 0 211710 -1 179671 87018 50542 -1 19 -1 0 -1 63 96 96 120.000008 120.000008 -19.888756 120.000008 120.000008 25.429258 120.000008 120.000008 -19.888756 120.000008 120.000008 25.429258 0 0 0 0 4 2027684232 33060 0.000000 0.000000 0.000000 1.000000 480.000000 0.000000 0.000000 -1 -1
2027684232 33060 0.000000 0.000000 0.000000 1.000000 480.000000 0.000000 0.000000 2000158730 0
2000158730 0 2 3 83266 -1 -1 -1 -1 -1 0 -1 -1 0 211710 -1 179671 87018 50542 -1 0 -1 0 -1 63 96 96 120.000008 121.261818 0.735146 120.000008 121.261864 51.663132 120.000008 121.261818 0.735146 120.000008 121.261864 51.663132 0 0 0 0 1 2026439029 82107 0.000000 0.000000 0.000000 1.000000 480.000000 720.000000 0.000000 -1 -1
2026439029 82107 0.000000 0.000000 0.000000 1.000000 480.000000 720.000000 0.000000 2000158730 0
2000158730 0 2 3 83266 -1 -1 -1 -1 -1 0 -1 -1 0 211710 -1 179671 87018 50542 -1 0 -1 0 -1 63 96 96 120.000008 121.261818 0.735146 120.000008 121.261864 51.663132 120.000008 121.261818 0.735146 120.000008 121.261864 51.663132 0 0 0 0 1 2026439029 82107 0.000000 0.000000 0.000000 1.000000 480.000000 720.000000 0.000000 -1 -1
2026439029 82107 0.000000 0.000000 0.000000 1.000000 480.000000 720.000000 0.000000 2000158730 0
2000158730 0 2 0 83266 -1 -1 -1 -1 -1 0 -1 -1 0 211710 -1 179671 87018 50542 -1 19 -1 0 -1 63 96 96 120.000008 120.000008 -19.888756 120.000008 120.000008 25.429258 120.000008 120.000008 -19.888756 120.000008 120.000008 25.429258 0 0 0 0 4 2027684232 33060 0.000000 0.000000 0.000000 1.000000 480.000000 0.000000 0.000000 -1 -1
2027684232 33060 0.000000 0.000000 0.000000 1.000000 480.000000 0.000000 0.000000 2000158730 0
2000158730 0 2 3 83266 -1 -1 -1 -1 -1 0 -1 -1 0 211710 -1 179671 87018 50542 -1 0 -1 0 -1 63 96 96 120.000008 121.261818 0.735146 120.000008 121.261864 51.663132 120.000008 121.261818 0.735146 120.000008 121.261864 51.663132 0 0 0 0 1 2026439029 82107 0.000000 0.000000 0.000000 1.000000 480.000000 720.000000 0.000000 -1 -1
2026439029 82107 0.000000 0.000000 0.000000 1.000000 480.000000 720.000000 0.000000 2000158730 0
2000158730 0 2 0 83266 -1 -1 -1 -1 -1 0 -1 -1 0 211710 -1 179671 87018 50542 -1 19 -1 0 -1 63 96 96 120.000008 120.000008 -19.888756 120.000008 120.000008 25.429258 120.000008 120.000008 -19.888756 120.000008 120.000008 25.429258 0 0 0 0 4 2027684232 33060 0.000000 0.000000 0.000000 1.000000 480.000000 0.000000 0.000000 -1 -1
2027684232 33060 0.000000 0.000000 0.000000 1.000000 480.000000 0.000000 0.000000 2000158730 0
2000158730 0 2 3 83266 -1 -1 -1 -1 -1 0 -1 -1 0 211710 -1 179671 87018 50542 -1 0 -1 0 -1 63 96 96 120.000008 121.261818 0.735146 120.000008 121.261864 51.663132 120.000008 121.261818 0.735146 120.000008 121.261864 51.663132 0 0 0 0 1 2026439029 82107 0.000000 0.000000 0.000000 1.000000 480.000000 720.000000 0.000000 -1 -1
2026439029 82107 0.000000 0.000000 0.000000 1.000000 480.000000 720.000000 0.000000 2000158730 0
2000158730 0 0 2 83266 -1 -1 -1 -1 -1 0 -1 -1 0 211710 -1 179671 87018 50542 -1 15 -1 0 -1 63 96 96 120.000008 120.000008 -19.888756 120.000008 120.000008 25.429258 120.000008 120.000008 -19.888756 120.000008 120.000008 25.429258 0 0 0 0 4 2027422084 33060 0.000000 0.000000 0.000000 1.000000 0.000000 480.000000 0.000000 -1 -1
2027422084 33060 0.000000 0.000000 0.000000 1.000000 0.000000 480.000000 0.000000 2000158730 0
2000158730 0 3 2 83266 -1 -1 -1 -1 -1 0 -1 -1 0 211710 -1 179671 87018 50542 -1 9 -1 0 -1 63 96 96 120.000008 120.000008 -19.888756 120.000008 120.000008 25.429258 120.000008 120.000008 -19.888756 120.000008 120.000008 25.429258 0 0 0 0 4 2027028862 33060 0.000000 0.000000 0.000000 1.000000 720.000000 480.000000 0.000000 -1 -1
2027028862 33060 0.000000 0.000000 0.000000 1.000000 720.000000 480.000000 0.000000 2000158730 0
2000158730 0 0 2 83266 -1 -1 -1 -1 -1 0 -1 -1 0 211710 -1 179671 87018 50542 -1 15 -1 0 -1 63 96 96 120.000008 120.000008 -19.888756 120.000008 120.000008 25.429258 120.000008 120.000008 -19.888756 120.000008 120.000008 25.429258 0 0 0 0 4 2027422084 33060 0.000000 0.000000 0.000000 1.000000 0.000000 480.000000 0.000000 -1 -1
2027422084 33060 0.000000 0.000000 0.000000 1.000000 0.000000 480.000000 0.000000 2000158730 0
2000158730 0 0 2 83266 -1 -1 -1 -1 -1 0 -1 -1 0 211710 -1 179671 87018 50542 -1 15 -1 0 -1 63 96 96 120.000008 120.000008 -19.888756 120.000008 120.000008 25.429258 120.000008 120.000008 -19.888756 120.000008 120.000008 25.429258 0 0 0 0 4 2027422084 33060 0.000000 0.000000 0.000000 1.000000 0.000000 480.000000 0.000000 -1 -1
2027422084 33060 0.000000 0.000000 0.000000 1.000000 0.000000 480.000000 0.000000 2000158730 0
2000158730 0 0 2 83266 -1 -1 -1 -1 -1 0 -1 -1 0 211710 -1 179671 87018 50542 -1 15 -1 0 -1 63 96 96 120.000008 120.000008 -19.888756 120.000008 120.000008 25.429258 120.000008 120.000008 -19.888756 120.000008 120.000008 25.429258 0 0 0 0 4 2027422084 33060 0.000000 0.000000 0.000000 1.000000 0.000000 480.000000 0.000000 -1 -1
2027422084 33060 0.000000 0.000000 0.000000 1.000000 0.000000 480.000000 0.000000 2000158730 0
2000158730 0 3 1 83266 -1 -1 -1 -1 -1 0 -1 -1 0 211710 -1 179671 87018 50542 -1 13 -1 0 -1 63 96 96 120.000008 120.000008 -19.888756 120.000008 120.000008 25.429258 120.000008 120.000008 -19.888756 120.000008 120.000008 25.429258 0 0 0 0 4 2027291010 33060 0.000000 0.000000 0.000000 1.000000 720.000000 240.000000 0.000000 -1 -1
2027291010 33060 0.000000 0.000000 0.000000 1.000000 720.000000 240.000000 0.000000 2000158730 0
2000158730 0 1 1 83266 -1 -1 -1 -1 -1 0 -1 -1 0 211710 -1 179671 87018 50542 -1 14 -1 0 -1 63 96 96 120.000008 120.000008 -19.888756 120.000008 120.000008 25.429258 120.000008 120.000008 -19.888756 120.000008 120.000008 25.429258 0 0 0 0 4 2027356547 33060 0.000000 0.000000 0.000000 1.000000 240.000000 240.000000 0.000000 -1 -1
2027356547 33060 0.000000 0.000000 0.000000 1.000000 240.000000 240.000000 0.000000 2000158730 0
2000158730 0 0 2 83266 -1 -1 -1 -1 -1 0 -1 -1 0 211710 -1 179671 87018 50542 -1 15 -1 0 -1 63 96 96 120.000008 120.000008 -19.888756 120.000008 120.000008 25.429258 120.000008 120.000008 -19.888756 120.000008 120.000008 25.429258 0 0 0 0 4 2027422084 33060 0.000000 0.000000 0.000000 1.000000 0.000000 480.000000 0.000000 -1 -1
2027422084 33060 0.000000 0.000000 0.000000 1.000000 0.000000 480.000000 0.000000 2000158730 0
2000158730 0 2 0 83266 -1 -1 -1 -1 -1 0 -1 -1 0 211710 -1 179671 87018 50542 -1 19 -1 0 -1 63 96 96 120.000008 120.000008 -19.888756 120.000008 120.000008 25.429258 120.000008 120.000008 -19.888756 120.000008 120.000008 25.429258 0 0 0 0 4 2027684232 33060 0.000000 0.000000 0.000000 1.000000 480.000000 0.000000 0.000000 -1 -1
2027684232 33060 0.000000 0.000000 0.000000 1.000000 480.000000 0.000000 0.000000 2000158730 0
2000158730 0 2 3 83266 -1 -1 -1 -1 -1 0 -1 -1 0 211710 -1 179671 87018 50542 -1 0 -1 0 -1 63 96 96 120.000008 121.261818 0.735146 120.000008 121.261864 51.663132 120.000008 121.261818 0.735146 120.000008 121.261864 51.663132 0 0 0 0 1 2026439029 82107 0.000000 0.000000 0.000000 1.000000 480.000000 720.000000 0.000000 -1 -1
2026439029 82107 0.000000 0.000000 0.000000 1.000000 480.000000 720.000000 0.000000 2000158730 0
2000158730 0 1 1 83266 -1 -1 -1 -1 -1 0 -1 -1 0 211710 -1 179671 87018 50542 -1 14 -1 0 -1 63 96 96 120.000008 120.000008 -19.888756 120.000008 120.000008 25.429258 120.000008 120.000008 -19.888756 120.000008 120.000008 25.429258 0 0 0 0 4 2027356547 33060 0.000000 0.000000 0.000000 1.000000 240.000000 240.000000 0.000000 -1 -1
2027356547 33060 0.000000 0.000000 0.000000 1.000000 240.000000 240.000000 0.000000 2000158730 0
2000158730 0 0 2 83266 -1 -1 -1 -1 -1 0 -1 -1 0 211710 -1 179671 87018 50542 -1 15 -1 0 -1 63 96 96 120.000008 120.000008 -19.888756 120.000008 120.000008 25.429258 120.000008 120.000008 -19.888756 120.000008 120.000008 25.429258 0 0 0 0 4 2027422084 33060 0.000000 0.000000 0.000000 1.000000 0.000000 480.000000 0.000000 -1 -1
2027422084 33060 0.000000 0.000000 0.000000 1.000000 0.000000 480.000000 0.000000 2000158730 0
2000158730 0 2 0 83266 -1 -1 -1 -1 -1 0 -1 -1 0 211710 -1 179671 87018 50542 -1 19 -1 0 -1 63 96 96 120.000008 120.000008 -19.888756 120.000008 120.000008 25.429258 120.000008 120.000008 -19.888756 120.000008 120.000008 25.429258 0 0 0 0 4 2027684232 33060 0.000000 0.000000 0.000000 1.000000 480.000000 0.000000 0.000000 -1 -1
2027684232 33060 0.000000 0.000000 0.000000 1.000000 480.000000 0.000000 0.000000 2000158730 0
2000158730 0 3 2 83266 -1 -1 -1 -1 -1 0 -1 -1 0 211710 -1 179671 87018 50542 -1 9 -1 0 -1 63 96 96 120.000008 120.000008 -19.888756 120.000008 120.000008 25.429258 120.000008 120.000008 -19.888756 120.000008 120.000008 25.429258 0 0 0 0 4 2027028862 33060 0.000000 0.000000 0.000000 1.000000 720.000000 480.000000 0.000000 -1 -1
2027028862 33060 0.000000 0.000000 0.000000 1.000000 720.000000 480.000000 0.000000 2000158730 0
2000158730 0 2 3 83266 -1 -1 -1 -1 -1 0 -1 -1 0 211710 -1 179671 87018 50542 -1 0 -1 0 -1 63 96 96 120.000008 121.261818 0.735146 120.000008 121.261864 51.663132 120.000008 121.261818 0.735146 120.000008 121.261864 51.663132 0 0 0 0 1 2026439029 82107 0.000000 0.000000 0.000000 1.000000 480.000000 720.000000 0.000000 -1 -1
2026439029 82107 0.000000 0.000000 0.000000 1.000000 480.000000 720.000000 0.000000 2000158730 0
2000158730 0 1 3 83266 -1 -1 -1 -1 -1 0 -1 -1 0 211710 -1 179671 87018 50542 -1 5 -1 0 -1 63 96 96 120.000008 120.000008 -19.888756 120.000008 120.000008 25.429258 120.000008 120.000008 -19.888756 120.000008 120.000008 25.429258 0 0 0 0 4 2026766714 33060 0.000000 0.000000 0.000000 1.000000 240.000000 720.000000 0.000000 -1 -1
2026766714 33060 0.000000 0.000000 0.000000 1.000000 240.000000 720.000000 0.000000 2000158730 0
2000158730 0 0 3 83266 -1 -1 -1 -1 -1 0 -1 -1 0 211710 -1 179671 87018 50542 -1 16 -1 0 -1 63 96 96 120.000008 120.000008 -19.888756 120.000008 120.000008 25.429258 120.000008 120.000008 -19.888756 120.000008 120.000008 25.429258 0 0 0 0 4 2027487621 33060 0.000000 0.000000 0.000000 1.000000 0.000000 720.000000 0.000000 -1 -1
2027487621 33060 0.000000 0.000000 0.000000 1.000000 0.000000 720.000000 0.000000 2000158730 0
2000158730 0 2 4 83266 -1 -1 -1 -1 -1 0 71150 178 72712 211710 -1 179671 87018 50542 -1 1 -1 0 -1 63 96 96 119.730362 124.827103 1.199135 122.895737 124.827148 51.199142 119.730362 124.827103 1.199135 122.895737 124.827148 51.199142 139 0 0 0 0 2026504566 175021 0.000000 0.000000 0.000000 1.000000 480.000000 960.000000 0.000000 -1 -1
2026504566 175021 0.000000 0.000000 0.000000 1.000000 480.000000 960.000000 0.000000 2000158730 0
2000158730 0 2 4 83266 -1 -1 -1 -1 -1 0 71150 178 72712 211710 -1 179671 87018 50542 -1 1 -1 0 -1 63 96 96 119.730362 124.827103 1.199135 122.895737 124.827148 51.199142 119.730362 124.827103 1.199135 122.895737 124.827148 51.199142 139 0 0 0 0 2026504566 175021 0.000000 0.000000 0.000000 1.000000 480.000000 960.000000 0.000000 -1 -1
2026504566 175021 0.000000 0.000000 0.000000 1.000000 480.000000 960.000000 0.000000 2000158730 0
2000158730 0 1 4 83266 -1 -1 -1 -1 -1 0 -1 -1 0 211710 -1 179671 87018 50542 -1 6 -1 0 -1 63 96 96 120.000008 120.000008 -19.888756 120.000008 120.000008 25.429258 120.000008 120.000008 -19.888756 120.000008 120.000008 25.429258 0 0 0 0 4 2026832251 33060 0.000000 0.000000 0.000000 1.000000 240.000000 960.000000 0.000000 -1 -1
2026832251 33060 0.000000 0.000000 0.000000 1.000000 240.000000 960.000000 0.000000 2000158730 0
2000158730 0 2 4 83266 -1 -1 -1 -1 -1 0 71150 178 72712 211710 -1 179671 87018 50542 -1 1 -1 0 -1 63 96 96 119.730362 124.827103 1.199135 122.895737 124.827148 51.199142 119.730362 124.827103 1.199135 122.895737 124.827148 51.199142 139 0 0 0 0 2026504566 175021 0.000000 0.000000 0.000000 1.000000 480.000000 960.000000 0.000000 -1 -1
2026504566 175021 0.000000 0.000000 0.000000 1.000000 480.000000 960.000000 0.000000 2000158730 0
2000158730 0 3 3 83266 -1 -1 -1 -1 -1 0 -1 -1 0 211710 -1 179671 87018 50542 -1 8 -1 0 -1 63 96 96 120.000008 120.000008 -19.888756 120.000008 120.000008 25.429258 120.000008 120.000008 -19.888756 120.000008 120.000008 25.429258 0 0 0 0 4 2026963325 33060 0.000000 0.000000 0.000000 1.000000 720.000000 720.000000 0.000000 -1 -1
2026963325 33060 0.000000 0.000000 0.000000 1.000000 720.000000 720.000000 0.000000 2000158730 0
2000158730 0 3 2 83266 -1 -1 -1 -1 -1 0 -1 -1 0 211710 -1 179671 87018 50542 -1 9 -1 0 -1 63 96 96 120.000008 120.000008 -19.888756 120.000008 120.000008 25.429258 120.000008 120.000008 -19.888756 120.000008 120.000008 25.429258 0 0 0 0 4 2027028862 33060 0.000000 0.000000 0.000000 1.000000 720.000000 480.000000 0.000000 -1 -1
2027028862 33060 0.000000 0.000000 0.000000 1.000000 720.000000 480.000000 0.000000 2000158730 0
2000158730 0 2 1 83266 -1 -1 -1 -1 -1 0 -1 -1 0 211710 -1 179671 87018 50542 -1 4 -1 0 -1 63 96 96 119.730362 121.445137 1.199135 122.895737 121.445183 51.199142 119.730362 121.445137 1.199135 122.895737 121.445183 51.199142 95 0 0 0 0 2026701177 61403 0.000000 0.000000 0.000000 1.000000 480.000000 240.000000 0.000000 -1 -1
2026701177 61403 0.000000 0.000000 0.000000 1.000000 480.000000 240.000000 0.000000 2000158730 0
2000158730 0 3 2 83266 -1 -1 -1 -1 -1 0 -1 -1 0 211710 -1 179671 87018 50542 -1 9 -1 0 -1 63 96 96 120.000008 120.000008 -19.888756 120.000008 120.000008 25.429258 120.000008 120.000008 -19.888756 120.000008 120.000008 25.429258 0 0 0 0 4 2027028862 33060 0.000000 0.000000 0.000000 1.000000 720.000000 480.000000 0.000000 -1 -1
2027028862 33060 0.000000 0.000000 0.000000 1.000000 720.000000 480.000000 0.000000 2000158730 0
2000158730 0 2 1 83266 -1 -1 -1 -1 -1 0 -1 -1 0 211710 -1 179671 87018 50542 -1 4 -1 0 -1 63 96 96 119.730362 121.445137 1.199135 122.895737 121.445183 51.199142 119.730362 121.445137 1.199135 122.895737 121.445183 51.199142 95 0 0 0 0 2026701177 61403 0.000000 0.000000 0.000000 1.000000 480.000000 240.000000 0.000000 -1 -1
2026701177 61403 0.000000 0.000000 0.000000 1.000000 480.000000 240.000000 0.000000 2000158730 0
2000158730 0 2 1 83266 -1 -1 -1 -1 -1 0 -1 -1 0 211710 -1 179671 87018 50542 -1 4 -1 0 -1 63 96 96 119.730362 121.445137 1.199135 122.895737 121.445183 51.199142 119.730362 121.445137 1.199135 122.895737 121.445183 51.199142 95 0 0 0 0 2026701177 61403 0.000000 0.000000 0.000000 1.000000 480.000000 240.000000 0.000000 -1 -1
2026701177 61403 0.000000 0.000000 0.000000 1.000000 480.000000 240.000000 0.000000 2000158730 0
2000158730 0 2 4 83266 -1 -1 -1 -1 -1 0 71150 178 72712 211710 -1 179671 87018 50542 -1 1 -1 0 -1 63 96 96 119.730362 124.827103 1.199135 122.895737 124.827148 51.199142 119.730362 124.827103 1.199135 122.895737 124.827148 51.199142 139 0 0 0 0 2026504566 175021 0.000000 0.000000 0.000000 1.000000 480.000000 960.000000 0.000000 -1 -1
2026504566 175021 0.000000 0.000000 0.000000 1.000000 480.000000 960.000000 0.000000 2000158730 0
2000158730 0 1 4 83266 -1 -1 -1 -1 -1 0 -1 -1 0 211710 -1 179671 87018 50542 -1 6 -1 0 -1 63 96 96 120.000008 120.000008 -19.888756 120.000008 120.000008 25.429258 120.000008 120.000008 -19.888756 120.000008 120.000008 25.429258 0 0 0 0 4 2026832251 33060 0.000000 0.000000 0.000000 1.000000 240.000000 960.000000 0.000000 -1 -1
2026832251 33060 0.000000 0.000000 0.000000 1.000000 240.000000 960.000000 0.000000 2000158730 0
2000158730 0 0 3 83266 -1 -1 -1 -1 -1 0 -1 -1 0 211710 -1 179671 87018 50542 -1 16 -1 0 -1 63 96 96 120.000008 120.000008 -19.888756 120.000008 120.000008 25.429258 120.000008 120.000008 -19.888756 120.000008 120.000008 25.429258 0 0 0 0 4 2027487621 33060 0.000000 0.000000 0.000000 1.000000 0.000000 720.000000 0.000000 -1 -1
2027487621 33060 0.000000 0.000000 0.000000 1.000000 0.000000 720.000000 0.000000 2000158730 0
2000158730 0 2 2 83266 -1 -1 -1 -1 -1 0 -1 -1 0 211710 -1 179671 87018 50542 -1 2 -1 0 -1 63 96 96 118.946266 120.069214 1.199135 121.053749 122.454468 51.199142 118.946266 120.069214 1.199135 121.053749 122.454468 51.199142 3163 0 0 0 0 2026570103 33066 0.000000 0.000000 0.000000 1.000000 480.000000 480.000000 0.000000 -1 -1
2026570103 33066 0.000000 0.000000 0.000000 1.000000 480.000000 480.000000 0.000000 2000158730 0