1999503360 27 39 46 91324 -1 -1 -1 -1 -1 -1 80730 -1 -1 137975 -1 160591 87030 50549 71150 138 138 0 -1 63 96 96 117.392395 114.817245 13.621546 135.777771 125.182816 29.990938 136.798538 114.817245 13.621546 155.183914 125.182816 29.990938 1969 0 0 0 1 2011037834 90279 0.000000 0.000000 0.000000 1.000000 2340.000000 2760.000000 27.000000 -1 -1
2011037834 90279 0.000000 0.000000 0.000000 1.000000 2340.000000 2760.000000 27.000000 1999503360 0
1999503360 27 39 42 91324 -1 -1 -1 -1 -1 -1 -1 -1 -1 137975 -1 160591 87030 50549 71150 139 139 0 -1 63 96 96 113.007690 110.959549 22.075974 126.992371 140.377090 36.121323 113.007690 111.606750 22.075974 126.992371 141.024292 36.121323 1329 0 0 0 1 2011103371 90281 0.000000 0.000000 0.000000 1.000000 2340.000000 2520.000000 27.000000 -1 -1
2011103371 90281 0.000000 0.000000 0.000000 1.000000 2340.000000 2520.000000 27.000000 1999503360 0
1999503360 27 39 38 91324 -1 -1 -1 -1 -1 -1 -1 -1 -1 137975 -1 160591 87030 50549 71150 140 140 0 24 63 96 96 115.401794 116.839890 14.737252 124.598267 129.048935 41.712868 115.401794 116.839890 14.737251 124.598267 129.048935 41.712868 570 0 0 0 1 2011168908 90283 0.000000 0.000000 0.000000 1.000000 2340.000000 2280.000000 27.000000 -1 -1
2011168908 90283 0.000000 0.000000 0.000000 1.000000 2340.000000 2280.000000 27.000000 1999503360 0
1999503360 27 39 38 91324 -1 -1 -1 -1 -1 -1 -1 -1 -1 137975 -1 160591 87030 50549 71150 140 140 0 24 63 32 32 40.000000 40.000000 6.211582 40.000000 40.000000 20.072090 40.000000 40.000000 6.211582 40.000000 40.000000 20.072090 741 0 0 0 1 2020802847 103257 0.000000 0.000000 0.000000 1.000000 2345.000000 2400.000000 27.000000 2011168908 -1
2020802847 103257 0.000000 0.000000 0.000000 1.000000 2345.000000 2400.000000 27.000000 1999503360 0
1999503360 27 35 46 91324 91133 -1 -1 -1 -1 -1 -1 -1 -1 137975 -1 160276 87030 50549 71150 144 144 0 -1 63 96 96 107.217636 104.123627 22.700306 149.088943 135.876434 29.502087 120.787308 104.123627 19.905621 162.658615 135.876434 32.296772 1200 1239 0 0 1 2011431056 90202 0.000000 0.000000 0.000000 1.000000 2100.000000 2760.000000 27.000000 -1 -1
2011431056 90202 0.000000 0.000000 0.000000 1.000000 2100.000000 2760.000000 27.000000 1999503360 0
1999503360 27 31 46 101351 91133 -1 -1 -1 -1 -1 -1 -1 -1 137975 -1 160276 87030 50549 71150 148 148 0 -1 63 96 96 119.506165 114.089874 25.547520 140.780914 125.910187 42.737530 124.379150 114.089874 25.547520 145.653900 125.910187 42.737530 79 1347 0 0 1 2011693204 90196 0.000000 0.000000 0.000000 1.000000 1860.000000 2760.000000 27.000000 -1 -1
2011693204 90196 0.000000 0.000000 0.000000 1.000000 1860.000000 2760.000000 27.000000 1999503360 0
1999503360 27 35 42 91324 91133 -1 -1 -1 -1 -1 -1 -1 -1 137975 -1 160276 87030 50549 71150 143 143 0 24 63 96 96 114.895050 118.808960 -18.747101 133.527069 130.813232 85.976929 121.194748 115.900391 -18.747101 139.826767 133.721802 85.976929 2017 1380 0 0 1 2011365519 90200 0.000000 0.000000 0.000000 1.000000 2100.000000 2520.000000 27.000000 -1 -1
2011365519 90200 0.000000 0.000000 0.000000 1.000000 2100.000000 2520.000000 27.000000 1999503360 0
1999503360 27 35 42 91324 91133 -1 -1 -1 -1 -1 -1 -1 -1 137975 -1 160276 87030 50549 71150 143 143 0 24 63 32 32 40.000000 40.000000 3.064879 40.000000 40.000000 6.122628 40.000000 40.000000 3.064879 40.000000 40.000000 6.122628 921 0 0 0 0 2020671773 103249 0.000000 0.000000 0.000000 1.000000 2220.000000 2620.000000 27.000000 2011365519 -1
2020671773 103249 0.000000 0.000000 0.000000 1.000000 2220.000000 2620.000000 27.000000 1999503360 0
1999503360 27 31 42 101351 91133 -1 -1 -1 -1 -1 107050 -1 -1 137975 -1 160276 87030 50549 71150 147 147 0 -1 63 96 96 114.180878 116.748047 19.284805 138.963470 136.522522 55.875038 115.050171 116.748047 19.284805 139.832764 136.522522 55.875038 275 1412 0 0 1 2011627667 90198 0.000000 0.000000 0.000000 1.000000 1860.000000 2520.000000 27.000000 -1 -1
2011627667 90198 0.000000 0.000000 0.000000 1.000000 1860.000000 2520.000000 27.000000 1999503360 0
1999503360 27 35 38 91324 -1 -1 -1 -1 -1 -1 -1 -1 -1 137975 -1 160591 87030 50549 71150 142 142 0 24 63 96 96 121.363312 130.183823 12.376104 130.275299 130.183823 33.504158 121.363312 130.183823 12.376106 130.275299 130.183823 33.504158 1899 0 0 0 1 2011299982 90299 0.000000 0.000000 0.000000 1.000000 2100.000000 2280.000000 27.000000 -1 -1
2011299982 90299 0.000000 0.000000 0.000000 1.000000 2100.000000 2280.000000 27.000000 1999503360 0
1999503360 27 35 38 91324 -1 -1 -1 -1 -1 -1 -1 -1 -1 137975 -1 160591 87030 50549 71150 142 142 0 24 63 32 32 40.000000 40.000000 9.916815 40.000000 40.000000 9.916819 40.000000 40.606804 9.756170 40.000000 40.606804 10.077463 978 0 0 0 1 2020737310 103268 0.000000 0.000000 0.000000 1.000000 2115.000000 2430.000000 27.000000 2011299982 -1
2020737310 103268 0.000000 0.000000 0.000000 1.000000 2115.000000 2430.000000 27.000000 1999503360 0
1999503360 27 31 46 101351 91133 -1 -1 -1 -1 -1 -1 -1 -1 137975 -1 160276 87030 50549 71150 148 148 0 -1 63 96 96 119.506165 114.089874 25.547520 140.780914 125.910187 42.737530 124.379150 114.089874 25.547520 145.653900 125.910187 42.737530 79 1347 0 0 1 2011693204 90196 0.000000 0.000000 0.000000 1.000000 1860.000000 2760.000000 27.000000 -1 -1
2011693204 90196 0.000000 0.000000 0.000000 1.000000 1860.000000 2760.000000 27.000000 1999503360 0
1999503360 27 27 42 101351 -1 -1 -1 -1 -1 -1 -1 -1 -1 137975 -1 160591 87030 50549 71150 151 151 0 -1 63 96 96 115.686188 129.967865 15.791664 135.606171 129.967804 56.016579 135.824127 129.967834 15.215002 155.744110 129.967834 56.593239 613 0 0 0 1 2011889815 90295 0.000000 0.000000 0.000000 1.000000 1620.000000 2520.000000 27.000000 -1 -1
2011889815 90295 0.000000 0.000000 0.000000 1.000000 1620.000000 2520.000000 27.000000 1999503360 0
1999503360 0 37 36 -1 -1 -1 -1 -1 -1 -1 -1 -1 -1 132856 -1 160591 87030 50549 71150 219 219 0 -1 63 48 48 67.432678 63.322708 26.742191 77.529572 81.859161 26.836498 67.432678 63.322708 26.742191 77.529572 81.859161 26.836498 0 0 0 0 1 2016346331 74463 0.000000 0.000000 0.000000 1.000000 2220.000000 2160.000000 0.000000 -1 -1
2016346331 74463 0.000000 0.000000 0.000000 1.000000 2220.000000 2160.000000 0.000000 1999503360 0
1999503360 27 31 38 91324 -1 -1 -1 -1 -1 -1 106746 2 -1 137975 -1 160591 87030 50549 71150 146 146 0 -1 63 96 96 136.481812 135.282455 15.108280 136.481812 135.282455 31.477673 136.481812 135.282455 15.108280 136.481812 135.282455 31.477673 424 0 0 0 1 2011562130 90289 0.000000 0.000000 0.000000 1.000000 1860.000000 2280.000000 27.000000 -1 -1
2011562130 90289 0.000000 0.000000 0.000000 1.000000 1860.000000 2280.000000 27.000000 1999503360 0
1999503360 0 39 36 19954 -1 -1 -1 -1 0 -1 -1 0 -1 141670 -1 162552 87030 63337 71150 43 43 0 -1 63 48 48 69.972740 66.126884 29.093588 69.972740 73.862450 30.001680 69.972740 66.126884 29.093588 69.972740 73.862450 30.001680 336 0 0 0 1 2004811819 74356 0.000000 0.000000 0.000000 1.000000 2340.000000 2160.000000 0.000000 -1 -1
2004811819 74356 0.000000 0.000000 0.000000 1.000000 2340.000000 2160.000000 0.000000 1999503360 0
1999503360 0 39 34 19954 -1 -1 -1 -1 -1 -1 -1 -1 -1 141670 -1 162552 87030 63337 71150 229 229 0 -1 63 48 48 55.617081 66.229675 22.200661 64.382935 66.229675 24.936958 55.617081 66.229675 22.200661 64.382935 66.229675 24.936958 1488 0 0 0 1 2017001701 204126 0.000000 0.000000 0.000000 1.000000 2340.000000 2040.000000 0.000000 -1 -1
2017001701 204126 0.000000 0.000000 0.000000 1.000000 2340.000000 2040.000000 0.000000 1999503360 0
1999503360 0 37 34 19954 -1 -1 -1 -1 -1 -1 -1 -1 -1 141670 -1 162552 87030 63337 71150 175 175 0 -1 63 48 48 67.070572 70.071693 18.722746 79.181458 70.071693 31.938036 67.070572 70.071693 18.722746 79.181458 70.071693 31.938036 869 0 0 0 1 2013462703 75283 0.000000 0.000000 0.000000 1.000000 2220.000000 2040.000000 0.000000 -1 -1
2013462703 75283 0.000000 0.000000 0.000000 1.000000 2220.000000 2040.000000 0.000000 1999503360 0
1999503360 27 31 42 101351 91133 -1 -1 -1 -1 -1 107050 -1 -1 137975 -1 160276 87030 50549 71150 147 147 0 -1 63 96 96 114.180878 116.748047 19.284805 138.963470 136.522522 55.875038 115.050171 116.748047 19.284805 139.832764 136.522522 55.875038 275 1412 0 0 1 2011627667 90198 0.000000 0.000000 0.000000 1.000000 1860.000000 2520.000000 27.000000 -1 -1
2011627667 90198 0.000000 0.000000 0.000000 1.000000 1860.000000 2520.000000 27.000000 1999503360 0
1999503360 0 37 32 19954 72712 -1 -1 -1 0 -1 -1 0 -1 144267 -1 162553 87030 73997 71150 71 71 0 -1 63 48 48 52.657936 49.201401 -21.512543 73.116814 70.798630 58.037659 52.657936 49.201401 -21.512543 73.116814 70.798630 58.037659 0 76 0 0 1 2006646855 74613 0.000000 0.000000 0.000000 1.000000 2220.000000 1920.000000 0.000000 -1 -1
2006646855 74613 0.000000 0.000000 0.000000 1.000000 2220.000000 1920.000000 0.000000 1999503360 0
1999503360 27 39 42 91324 -1 -1 -1 -1 -1 -1 -1 -1 -1 137975 -1 160591 87030 50549 71150 139 139 0 -1 63 96 96 113.007690 110.959549 22.075974 126.992371 140.377090 36.121323 113.007690 111.606750 22.075974 126.992371 141.024292 36.121323 1329 0 0 0 1 2011103371 90281 0.000000 0.000000 0.000000 1.000000 2340.000000 2520.000000 27.000000 -1 -1
2011103371 90281 0.000000 0.000000 0.000000 1.000000 2340.000000 2520.000000 27.000000 1999503360 0
1999503360 27 27 42 101351 -1 -1 -1 -1 -1 -1 -1 -1 -1 137975 -1 160591 87030 50549 71150 151 151 0 -1 63 96 96 115.686188 129.967865 15.791664 135.606171 129.967804 56.016579 135.824127 129.967834 15.215002 155.744110 129.967834 56.593239 613 0 0 0 1 2011889815 90295 0.000000 0.000000 0.000000 1.000000 1620.000000 2520.000000 27.000000 -1 -1
2011889815 90295 0.000000 0.000000 0.000000 1.000000 1620.000000 2520.000000 27.000000 1999503360 0
1999503360 0 35 34 19954 -1 -1 -1 -1 -1 -1 -1 -1 -1 141670 -1 162552 87030 63337 71150 176 176 0 -1 63 48 48 69.972740 66.126884 29.093588 69.972740 73.862450 30.001680 69.972740 66.126884 29.093588 69.972740 73.862450 30.001680 336 0 0 0 1 2013528240 74356 0.000000 0.000000 0.000000 1.000000 2100.000000 2040.000000 0.000000 -1 -1
2013528240 74356 0.000000 0.000000 0.000000 1.000000 2100.000000 2040.000000 0.000000 1999503360 0
1999503360 0 35 32 19954 72712 -1 -1 -1 0 -1 -1 0 -1 144267 -1 162553 87030 73997 71150 70 70 0 -1 63 48 48 54.258179 64.286659 -17.226257 80.216293 71.526268 62.215126 54.258179 64.286659 -17.226257 80.216293 71.526268 62.215126 0 306 0 0 1 2006581318 74615 0.000000 0.000000 0.000000 1.000000 2100.000000 1920.000000 0.000000 -1 -1
2006581318 74615 0.000000 0.000000 0.000000 1.000000 2100.000000 1920.000000 0.000000 1999503360 0
1999503360 27 27 42 101351 -1 -1 -1 -1 -1 -1 -1 -1 -1 137975 -1 160591 87030 50549 71150 151 151 0 -1 63 96 96 115.686188 129.967865 15.791664 135.606171 129.967804 56.016579 135.824127 129.967834 15.215002 155.744110 129.967834 56.593239 613 0 0 0 1 2011889815 90295 0.000000 0.000000 0.000000 1.000000 1620.000000 2520.000000 27.000000 -1 -1
2011889815 90295 0.000000 0.000000 0.000000 1.000000 1620.000000 2520.000000 27.000000 1999503360 0
1999503360 0 35 34 19954 -1 -1 -1 -1 -1 -1 -1 -1 -1 141670 -1 162552 87030 63337 71150 176 176 0 -1 63 48 48 69.972740 66.126884 29.093588 69.972740 73.862450 30.001680 69.972740 66.126884 29.093588 69.972740 73.862450 30.001680 336 0 0 0 1 2013528240 74356 0.000000 0.000000 0.000000 1.000000 2100.000000 2040.000000 0.000000 -1 -1
2013528240 74356 0.000000 0.000000 0.000000 1.000000 2100.000000 2040.000000 0.000000 1999503360 0
1999503360 0 35 32 19954 72712 -1 -1 -1 0 -1 -1 0 -1 144267 -1 162553 87030 73997 71150 70 70 0 -1 63 48 48 54.258179 64.286659 -17.226257 80.216293 71.526268 62.215126 54.258179 64.286659 -17.226257 80.216293 71.526268 62.215126 0 306 0 0 1 2006581318 74615 0.000000 0.000000 0.000000 1.000000 2100.000000 1920.000000 0.000000 -1 -1
2006581318 74615 0.000000 0.000000 0.000000 1.000000 2100.000000 1920.000000 0.000000 1999503360 0
1999503360 27 23 42 19933 -1 -1 -1 -1 -1 -1 -1 -1 -1 137975 -1 160934 87030 50549 71150 155 155 0 -1 63 96 96 117.983521 115.520416 14.543209 142.909454 131.295685 63.588688 117.983521 115.520416 28.072266 142.909454 131.295685 77.117737 1281 0 0 0 0 2012151963 93994 0.000000 0.000000 0.000000 1.000000 1380.000000 2520.000000 27.000000 -1 -1
2012151963 93994 0.000000 0.000000 0.000000 1.000000 1380.000000 2520.000000 27.000000 1999503360 0
1999503360 27 31 46 101351 91133 -1 -1 -1 -1 -1 -1 -1 -1 137975 -1 160276 87030 50549 71150 148 148 0 -1 63 96 96 119.506165 114.089874 25.547520 140.780914 125.910187 42.737530 124.379150 114.089874 25.547520 145.653900 125.910187 42.737530 79 1347 0 0 1 2011693204 90196 0.000000 0.000000 0.000000 1.000000 1860.000000 2760.000000 27.000000 -1 -1
2011693204 90196 0.000000 0.000000 0.000000 1.000000 1860.000000 2760.000000 27.000000 1999503360 0
1999503360 27 35 46 91324 91133 -1 -1 -1 -1 -1 -1 -1 -1 137975 -1 160276 87030 50549 71150 144 144 0 -1 63 96 96 107.217636 104.123627 22.700306 149.088943 135.876434 29.502087 120.787308 104.123627 19.905621 162.658615 135.876434 32.296772 1200 1239 0 0 1 2011431056 90202 0.000000 0.000000 0.000000 1.000000 2100.000000 2760.000000 27.000000 -1 -1
2011431056 90202 0.000000 0.000000 0.000000 1.000000 2100.000000 2760.000000 27.000000 1999503360 0
1999503360 27 27 46 101351 19929 -1 -1 -1 -1 -1 -1 -1 -1 137975 -1 160591 87030 50549 71150 152 152 0 -1 63 96 96 120.879822 124.414200 20.973587 141.514832 134.452621 49.974831 120.879822 124.414200 20.973587 141.514832 134.452621 49.974831 592 1067 0 0 1 2011955352 90293 0.000000 0.000000 0.000000 1.000000 1620.000000 2760.000000 27.000000 -1 -1
2011955352 90293 0.000000 0.000000 0.000000 1.000000 1620.000000 2760.000000 27.000000 1999503360 0
1999503360 27 35 42 91324 91133 -1 -1 -1 -1 -1 -1 -1 -1 137975 -1 160276 87030 50549 71150 143 143 0 24 63 96 96 114.895050 118.808960 -18.747101 133.527069 130.813232 85.976929 121.194748 115.900391 -18.747101 139.826767 133.721802 85.976929 2017 1380 0 0 1 2011365519 90200 0.000000 0.000000 0.000000 1.000000 2100.000000 2520.000000 27.000000 -1 -1
2011365519 90200 0.000000 0.000000 0.000000 1.000000 2100.000000 2520.000000 27.000000 1999503360 0
1999503360 27 35 42 91324 91133 -1 -1 -1 -1 -1 -1 -1 -1 137975 -1 160276 87030 50549 71150 143 143 0 24 63 32 32 40.000000 40.000000 3.064879 40.000000 40.000000 6.122628 40.000000 40.000000 3.064879 40.000000 40.000000 6.122628 921 0 0 0 0 2020671773 103249 0.000000 0.000000 0.000000 1.000000 2220.000000 2620.000000 27.000000 2011365519 -1
2020671773 103249 0.000000 0.000000 0.000000 1.000000 2220.000000 2620.000000 27.000000 1999503360 0
1999503360 27 23 46 19938 19933 -1 -1 -1 -1 -1 -1 -1 -1 137975 -1 160934 87030 50549 71150 156 156 0 -1 63 96 96 130.025940 115.700424 28.100021 136.901978 124.299637 47.631088 130.025940 115.700424 28.100021 136.901978 124.299637 47.631088 1513 515 0 0 0 2012217500 93992 0.000000 0.000000 0.000000 1.000000 1380.000000 2760.000000 27.000000 -1 -1
2012217500 93992 0.000000 0.000000 0.000000 1.000000 1380.000000 2760.000000 27.000000 1999503360 0
1999503360 27 35 38 91324 -1 -1 -1 -1 -1 -1 -1 -1 -1 137975 -1 160591 87030 50549 71150 142 142 0 24 63 96 96 121.363312 130.183823 12.376104 130.275299 130.183823 33.504158 121.363312 130.183823 12.376106 130.275299 130.183823 33.504158 1899 0 0 0 1 2011299982 90299 0.000000 0.000000 0.000000 1.000000 2100.000000 2280.000000 27.000000 -1 -1
2011299982 90299 0.000000 0.000000 0.000000 1.000000 2100.000000 2280.000000 27.000000 1999503360 0
1999503360 27 35 38 91324 -1 -1 -1 -1 -1 -1 -1 -1 -1 137975 -1 160591 87030 50549 71150 142 142 0 24 63 32 32 40.000000 40.000000 9.916815 40.000000 40.000000 9.916819 40.000000 40.606804 9.756170 40.000000 40.606804 10.077463 978 0 0 0 1 2020737310 103268 0.000000 0.000000 0.000000 1.000000 2115.000000 2430.000000 27.000000 2011299982 -1
2020737310 103268 0.000000 0.000000 0.000000 1.000000 2115.000000 2430.000000 27.000000 1999503360 0